  %  Products
    70.3 H2O + C29H19N3O3
    29.7 C9H4O3 + C20H17N3O
       0 CO + C28H21N3O3
       0 CHN + C28H20N2O4
       0 H2 + C29H19N3O4
       0 CO2 + C28H21N3O2
       0 CO + H2O + C28H19N3O2
       0 CO + C8H4O2 + C20H17N3O
       0 C8H4O2 + C21H17N3O2
       0 CO + C7H4O + C21H17N3O2
       0 C8H6O3 + C21H15N3O
       0 CHNO + C28H20N2O3
       0 CH2O2 + C28H19N3O2
       0 CO + C6H4 + C22H17N3O3
       0 CO + CO + C27H21N3O2
       0 C6H4 + C23H17N3O4
       0 C8H4O3 + C21H17N3O
       0 CO + C7H6O2 + C21H15N3O
       0 CO + C8H5NO2 + C20H16N2O
       0 C9H5NO3 + C20H16N2O
       0 H2O + C8H4O2 + C21H15N3O
       0 C9H6O3 + C20H15N3O
       0 CO + H2 + C28H19N3O3
       0 C9H6NO3 + C20H15N2O
       0 CH2O2 + C7H4O + C21H15N3O
       0 CO + C7H6O + C21H15N3O2
       0 CO + C8H5NO + C20H16N2O2
       0 C8H6O2 + C21H15N3O2
       0 C7H4O + C22H17N3O3
       0 CO + CHNO + C27H20N2O2
       0 CHN + C8H4O3 + C20H16N2O
       0 H2 + C8H4O2 + C21H15N3O2
       0 H2 + C8H4O3 + C21H15N3O
       0 H2O2 + C29H19N3O2

Population of each species as a function of time
++++++++++++++++++++++++++++++++++++++++++++++++
  Time(ps)    MIN16   MIN128   MIN161   MIN256   MIN258   MIN291   MIN295   MIN354   MIN365       H2O+C29H19N3O3     C9H4O3+C20H17N3O 
0.0000E+00     1000        0        0        0        0        0        0        0        0                    0                    0 
0.8919E+08      996        0        0        1        0        0        0        0        0                    1                    2 
0.1505E+09      994        0        0        0        0        1        0        0        0                    3                    2 
0.2159E+09      992        0        0        0        0        1        0        0        0                    4                    3 
0.3117E+09      990        0        0        0        0        0        0        0        0                    7                    3 
0.3653E+09      988        0        0        0        0        0        0        0        0                    9                    3 
0.4699E+09      986        0        0        0        0        0        0        0        0                   11                    3 
0.5078E+09      984        0        0        0        0        0        0        0        0                   13                    3 
0.5666E+09      980        0        0        0        0        0        0        0        0                   16                    4 
0.6147E+09      978        0        0        1        0        0        0        0        0                   16                    5 
0.6526E+09      978        0        0        1        0        0        0        0        0                   16                    5 
0.7029E+09      976        0        0        0        0        0        0        0        0                   19                    5 
0.7657E+09      974        0        0        0        0        0        0        0        0                   21                    5 
0.8182E+09      974        0        0        0        0        0        0        0        0                   21                    5 
0.8927E+09      972        0        0        1        0        0        0        0        0                   22                    5 
0.9354E+09      970        0        0        0        0        0        0        0        0                   25                    5 
0.9882E+09      968        1        0        0        0        0        0        0        0                   26                    5 
0.1027E+10      967        0        0        0        0        0        0        0        0                   27                    6 
0.1045E+10      965        0        0        0        0        0        0        0        0                   28                    7 
0.1088E+10      963        0        0        0        0        0        0        0        0                   30                    7 
0.1162E+10      961        0        0        1        0        0        0        0        0                   31                    7 
0.1228E+10      959        0        0        0        0        1        0        0        0                   33                    7 
0.1287E+10      959        0        0        0        0        0        0        0        0                   33                    8 
0.1354E+10      955        0        0        1        0        0        0        0        0                   35                    9 
0.1431E+10      953        1        0        1        0        0        0        0        0                   36                    9 
0.1493E+10      953        0        0        0        0        1        0        0        0                   37                    9 
0.1567E+10      951        0        0        0        0        0        0        0        0                   40                    9 
0.1607E+10      949        0        0        0        0        0        0        0        0                   41                   10 
0.1664E+10      947        0        0        0        0        0        0        0        0                   41                   12 
0.1717E+10      943        1        0        0        0        0        0        0        0                   44                   12 
0.1774E+10      939        0        0        0        0        0        0        0        0                   49                   12 
0.1807E+10      937        0        0        0        0        0        0        0        0                   50                   13 
0.1872E+10      935        0        0        0        0        0        0        0        0                   51                   14 
0.1898E+10      933        0        0        1        0        0        0        0        0                   52                   14 
0.1991E+10      929        0        0        0        0        0        0        0        0                   56                   15 
0.2082E+10      925        0        0        0        0        1        0        0        0                   59                   15 
0.2155E+10      923        0        0        0        0        0        0        0        0                   62                   15 
0.2216E+10      921        0        0        1        0        0        0        0        0                   63                   15 
0.2307E+10      917        0        0        0        0        1        0        0        0                   67                   15 
0.2355E+10      913        0        0        0        0        0        0        0        0                   72                   15 
0.2460E+10      913        0        0        0        0        0        0        0        0                   72                   15 
0.2531E+10      911        0        0        0        0        0        0        0        0                   73                   16 
0.2644E+10      909        0        0        1        0        0        0        0        0                   74                   16 
0.2716E+10      907        0        0        0        0        1        0        0        0                   74                   18 
0.2851E+10      903        0        0        0        0        1        0        0        0                   77                   19 
0.2924E+10      901        0        0        0        0        0        0        0        0                   80                   19 
0.2980E+10      897        0        0        1        0        0        0        0        0                   83                   19 
0.3048E+10      897        0        0        0        0        0        0        0        0                   84                   19 
0.3108E+10      895        0        0        1        0        0        0        0        0                   84                   20 
0.3141E+10      895        0        0        0        0        0        0        0        0                   85                   20 
0.3185E+10      892        0        0        0        0        0        0        0        0                   87                   21 
0.3256E+10      888        0        0        1        0        0        0        0        0                   88                   23 
0.3280E+10      886        0        0        0        0        0        0        0        0                   90                   24 
0.3326E+10      884        0        0        0        0        1        0        0        0                   90                   25 
0.3373E+10      884        0        0        0        0        0        0        0        0                   91                   25 
0.3437E+10      880        0        0        1        0        0        0        0        0                   94                   25 
0.3503E+10      878        0        0        0        0        0        0        0        0                   96                   26 
0.3517E+10      878        0        0        0        0        0        0        0        0                   96                   26 
0.3616E+10      876        0        0        0        0        0        0        0        0                   97                   27 
0.3704E+10      874        0        0        1        0        0        0        0        0                   98                   27 
0.3797E+10      870        0        0        1        0        0        0        0        0                  102                   27 
0.3869E+10      870        0        0        0        0        0        0        0        0                  103                   27 
0.3962E+10      865        0        0        0        0        0        0        0        0                  107                   28 
0.4014E+10      863        0        0        0        0        0        0        0        0                  108                   29 
0.4062E+10      861        0        0        0        0        0        0        0        0                  109                   30 
0.4111E+10      861        0        0        0        0        0        0        0        0                  109                   30 
0.4154E+10      857        0        0        1        0        0        0        0        0                  111                   31 
0.4182E+10      857        0        0        1        0        0        0        0        0                  111                   31 
0.4229E+10      857        0        0        0        0        1        0        0        0                  111                   31 
0.4252E+10      857        0        0        0        0        0        0        0        0                  112                   31 
0.4308E+10      855        0        0        1        0        0        0        0        0                  112                   32 
0.4358E+10      855        0        0        0        0        1        0        0        0                  112                   32 
0.4393E+10      851        0        0        1        0        0        0        0        0                  115                   33 
0.4440E+10      849        0        0        0        0        0        0        0        0                  117                   34 
0.4488E+10      847        0        0        0        0        1        0        0        0                  118                   34 
0.4578E+10      845        0        0        0        0        0        0        0        0                  121                   34 
0.4624E+10      842        0        0        0        0        0        0        0        0                  123                   35 
0.4685E+10      838        0        0        0        0        0        1        0        0                  125                   36 
0.4715E+10      838        1        0        0        0        0        0        0        0                  125                   36 
0.4828E+10      838        0        0        0        0        0        0        0        0                  125                   37 
0.4878E+10      834        0        0        0        0        0        0        0        0                  127                   39 
0.4956E+10      830        0        0        0        0        0        0        0        0                  131                   39 
0.4986E+10      828        0        0        1        0        0        0        0        0                  131                   40 
0.5080E+10      824        0        0        1        0        0        0        0        0                  134                   41 
0.5161E+10      824        0        0        0        0        0        0        0        0                  135                   41 
0.5223E+10      822        0        0        0        0        0        0        0        0                  137                   41 
0.5264E+10      820        0        0        1        0        0        0        0        0                  138                   41 
0.5315E+10      818        0        0        1        0        0        0        0        0                  140                   41 
0.5368E+10      816        0        0        0        0        1        0        0        0                  141                   42 
0.5456E+10      816        0        0        0        0        1        0        0        0                  141                   42 
0.5518E+10      814        0        0        0        0        1        0        0        0                  143                   42 
0.5558E+10      812        0        0        0        0        0        0        0        0                  145                   43 
0.5629E+10      812        0        0        0        0        0        0        0        0                  145                   43 
0.5698E+10      810        0        0        0        0        0        0        0        0                  147                   43 
0.5724E+10      810        0        0        0        0        0        0        0        0                  147                   43 
0.5809E+10      808        0        0        1        0        0        0        0        0                  148                   43 
0.5894E+10      806        0        0        0        0        0        0        0        0                  150                   44 
0.5944E+10      804        0        0        1        0        0        0        0        0                  151                   44 
0.6024E+10      802        0        0        0        0        0        0        0        0                  153                   45 
0.6149E+10      800        0        0        0        0        0        0        0        0                  154                   46 
0.6196E+10      798        0        0        1        0        0        0        0        0                  155                   46 
0.6321E+10      796        0        0        0        0        0        0        0        0                  158                   46 
0.6392E+10      794        0        0        0        0        0        0        0        0                  159                   47 
0.6536E+10      788        0        0        1        0        0        0        0        0                  163                   48 
0.6567E+10      788        0        0        0        0        0        0        0        0                  164                   48 
0.6624E+10      786        0        0        0        0        0        0        0        0                  165                   49 
0.6658E+10      786        0        0        0        0        0        0        0        0                  165                   49 
0.6738E+10      782        0        0        1        0        0        0        0        0                  168                   49 
0.6834E+10      780        0        0        1        0        0        0        0        0                  170                   49 
0.6983E+10      778        0        0        1        0        0        0        0        0                  172                   49 
0.7114E+10      776        0        0        0        0        0        0        0        0                  173                   51 
0.7192E+10      772        0        0        0        0        0        0        0        0                  177                   51 
0.7327E+10      764        0        0        0        0        0        0        0        0                  184                   52 
0.7481E+10      760        0        0        0        0        0        0        0        0                  188                   52 
0.7520E+10      758        0        0        0        0        0        0        0        0                  188                   54 
0.7560E+10      758        0        0        0        0        0        0        0        0                  188                   54 
0.7628E+10      756        0        0        0        0        0        1        0        0                  188                   55 
0.7723E+10      754        0        0        0        0        0        0        0        0                  188                   58 
0.7806E+10      750        0        0        0        0        0        0        0        0                  190                   60 
0.7846E+10      746        0        0        1        0        0        0        0        0                  193                   60 
0.7953E+10      745        0        0        0        0        0        0        0        0                  194                   61 
0.8087E+10      741        0        0        1        0        0        0        0        0                  196                   62 
0.8195E+10      739        0        0        0        0        0        0        0        0                  198                   63 
0.8231E+10      737        0        0        1        0        0        0        0        0                  199                   63 
0.8379E+10      735        0        0        0        0        0        0        0        0                  201                   64 
0.8419E+10      727        0        0        1        0        0        0        0        0                  208                   64 
0.8493E+10      725        0        0        1        0        0        0        0        0                  208                   66 
0.8566E+10      723        0        0        1        0        0        0        0        0                  209                   67 
0.8594E+10      723        0        0        0        0        0        0        0        0                  210                   67 
0.8642E+10      723        0        0        0        0        0        0        0        0                  210                   67 
0.8666E+10      721        0        0        0        0        0        0        0        0                  211                   68 
0.8709E+10      719        0        0        0        0        0        0        0        0                  213                   68 
0.8830E+10      717        0        0        0        0        0        0        0        0                  214                   69 
0.8945E+10      713        1        0        1        0        0        0        0        0                  215                   70 
0.9018E+10      713        0        0        0        0        0        0        0        0                  216                   71 
0.9104E+10      709        0        0        0        0        0        0        0        0                  218                   73 
0.9170E+10      707        0        0        1        0        0        0        0        0                  218                   74 
0.9226E+10      705        0        0        0        0        0        0        0        0                  220                   75 
0.9366E+10      699        0        0        1        0        0        0        0        0                  224                   76 
0.9441E+10      699        0        0        0        0        0        0        0        0                  225                   76 
0.9532E+10      695        0        0        0        0        0        0        0        0                  228                   77 
0.9607E+10      692        0        0        0        0        0        0        0        0                  230                   78 
0.9776E+10      690        0        0        0        0        0        0        0        0                  232                   78 
0.9804E+10      688        0        0        0        0        0        0        0        0                  234                   78 
0.9894E+10      686        0        0        1        0        0        0        0        0                  234                   79 
0.1002E+11      684        0        0        0        0        0        0        0        0                  237                   79 
0.1012E+11      680        0        0        0        0        0        0        0        0                  240                   80 
0.1020E+11      678        0        0        1        0        0        0        0        0                  240                   81 
0.1025E+11      675        0        0        1        0        0        0        0        0                  241                   83 
0.1030E+11      675        0        0        0        0        0        0        0        0                  242                   83 
0.1034E+11      673        0        0        0        0        0        0        0        0                  243                   84 
0.1044E+11      671        0        0        1        0        0        0        0        0                  244                   84 
0.1054E+11      669        0        0        0        0        0        0        0        0                  247                   84 
0.1062E+11      667        0        0        0        0        0        0        0        0                  248                   85 
0.1070E+11      667        0        0        0        0        0        0        0        0                  248                   85 
0.1078E+11      665        0        0        0        0        0        0        0        0                  250                   85 
0.1097E+11      661        0        0        0        0        0        0        0        0                  253                   86 
0.1102E+11      657        0        0        1        0        0        0        0        0                  254                   88 
0.1112E+11      655        0        0        0        0        1        0        0        0                  255                   89 
0.1121E+11      653        0        0        0        0        0        0        0        0                  258                   89 
0.1128E+11      653        0        0        0        0        0        0        0        0                  258                   89 
0.1132E+11      649        0        0        0        0        0        0        0        0                  261                   90 
0.1139E+11      647        0        0        0        0        0        0        0        0                  262                   91 
0.1148E+11      645        0        0        1        0        0        0        0        0                  263                   91 
0.1155E+11      645        0        0        0        0        0        0        0        0                  264                   91 
0.1169E+11      643        0        0        0        0        0        0        0        0                  265                   92 
0.1178E+11      641        0        0        0        0        0        0        0        0                  267                   92 
0.1186E+11      637        0        0        1        0        0        0        0        0                  269                   93 
0.1193E+11      637        0        0        0        0        0        0        0        0                  270                   93 
0.1202E+11      635        0        0        0        0        1        0        0        0                  271                   93 
0.1210E+11      631        0        0        0        0        1        0        0        0                  274                   94 
0.1219E+11      629        0        0        0        0        0        0        0        0                  277                   94 
0.1226E+11      627        0        0        0        0        0        0        0        0                  279                   94 
0.1239E+11      625        0        0        0        0        0        0        0        0                  279                   96 
0.1251E+11      623        0        0        0        0        0        0        0        0                  279                   98 
0.1258E+11      621        1        0        0        0        0        0        0        0                  280                   98 
0.1274E+11      620        0        0        0        0        0        0        0        0                  281                   99 
0.1286E+11      614        0        0        0        0        0        0        0        0                  285                  101 
0.1296E+11      614        0        0        0        0        0        0        0        0                  285                  101 
0.1309E+11      610        0        0        0        0        1        0        0        0                  287                  102 
0.1320E+11      608        0        0        0        0        0        0        0        0                  289                  103 
0.1332E+11      606        0        0        0        0        0        0        0        0                  290                  104 
0.1338E+11      604        0        0        1        0        0        0        0        0                  291                  104 
0.1345E+11      602        0        0        0        0        1        0        0        0                  292                  105 
0.1351E+11      602        0        0        0        0        0        0        0        0                  293                  105 
0.1356E+11      602        0        0        0        0        0        0        0        0                  293                  105 
0.1366E+11      600        0        0        1        0        0        0        0        0                  294                  105 
0.1369E+11      598        0        0        1        0        0        0        0        0                  296                  105 
0.1377E+11      598        0        0        0        0        0        0        0        0                  297                  105 
0.1382E+11      598        0        0        0        0        0        0        0        0                  297                  105 
0.1394E+11      593        0        0        1        0        0        0        0        0                  299                  107 
0.1396E+11      591        0        0        0        0        0        0        0        0                  301                  108 
0.1406E+11      587        0        0        1        0        0        0        0        0                  303                  109 
0.1411E+11      587        0        0        0        0        0        0        0        0                  304                  109 
0.1422E+11      584        0        0        0        0        0        0        0        0                  306                  110 
0.1437E+11      582        0        0        0        0        0        0        0        0                  308                  110 
0.1445E+11      580        0        0        0        0        0        0        0        0                  309                  111 
0.1451E+11      580        0        0        0        0        0        0        0        0                  309                  111 
0.1457E+11      576        0        0        1        0        0        0        0        0                  312                  111 
0.1463E+11      574        0        0        1        0        0        0        0        0                  314                  111 
0.1472E+11      572        1        0        0        0        0        0        0        0                  316                  111 
0.1488E+11      570        0        0        1        0        0        0        0        0                  318                  111 
0.1494E+11      567        0        0        0        0        0        0        0        0                  321                  112 
0.1508E+11      565        0        0        0        0        0        0        0        0                  323                  112 
0.1524E+11      561        0        0        0        0        0        0        0        0                  326                  113 
0.1534E+11      557        1        0        0        0        0        0        0        0                  327                  115 
0.1539E+11      553        0        0        0        0        0        0        0        0                  331                  116 
0.1558E+11      551        0        0        1        0        0        0        0        0                  332                  116 
0.1567E+11      549        0        0        0        0        0        0        0        0                  332                  119 
0.1577E+11      545        0        0        0        0        0        0        0        0                  334                  121 
0.1586E+11      543        0        0        0        0        0        0        0        0                  336                  121 
0.1592E+11      539        1        0        0        0        0        0        0        0                  337                  123 
0.1599E+11      539        0        0        0        0        0        0        0        0                  338                  123 
0.1608E+11      537        0        0        0        0        1        0        0        0                  339                  123 
0.1619E+11      535        0        0        1        0        0        0        0        0                  341                  123 
0.1622E+11      533        0        0        1        0        0        0        0        0                  343                  123 
0.1635E+11      531        0        0        0        0        0        0        0        0                  345                  124 
0.1652E+11      527        0        0        0        0        1        0        0        0                  348                  124 
0.1659E+11      527        0        0        1        0        0        0        0        0                  348                  124 
0.1671E+11      525        0        0        0        0        0        0        0        0                  350                  125 
0.1693E+11      523        0        0        0        0        1        0        0        0                  351                  125 
0.1702E+11      521        0        0        0        0        1        0        0        0                  353                  125 
0.1708E+11      517        0        0        0        0        0        0        0        0                  355                  128 
0.1725E+11      515        0        0        1        0        0        0        0        0                  356                  128 
0.1732E+11      513        0        0        0        0        0        0        0        0                  358                  129 
0.1752E+11      508        0        0        0        0        0        0        0        0                  362                  130 
0.1766E+11      506        0        0        0        0        0        0        0        0                  363                  131 
0.1777E+11      506        0        0        0        0        0        0        0        0                  363                  131 
0.1803E+11      506        0        0        0        0        0        0        0        0                  363                  131 
0.1813E+11      506        0        0        0        0        0        0        0        0                  363                  131 
0.1819E+11      504        0        0        0        0        0        0        0        0                  365                  131 
0.1828E+11      502        0        0        0        0        0        0        0        0                  366                  132 
0.1836E+11      498        0        0        0        0        0        0        0        0                  368                  134 
0.1844E+11      496        0        0        0        0        0        0        0        0                  370                  134 
0.1861E+11      492        0        0        0        0        1        0        0        0                  372                  135 
0.1874E+11      490        0        0        0        0        0        0        0        0                  374                  136 
0.1887E+11      488        0        0        1        0        0        0        0        0                  375                  136 
0.1902E+11      482        0        0        0        0        0        0        0        0                  381                  137 
0.1914E+11      479        0        0        0        0        1        0        0        0                  382                  138 
0.1921E+11      479        0        0        0        0        0        0        0        0                  383                  138 
0.1931E+11      477        0        0        0        0        1        0        0        0                  383                  139 
0.1944E+11      475        0        0        0        0        1        0        0        0                  385                  139 
0.1963E+11      473        0        0        0        0        0        0        0        0                  387                  140 
0.1980E+11      469        0        0        0        0        0        0        0        0                  391                  140 
0.1992E+11      467        0        0        0        0        0        0        0        0                  392                  141 
0.2001E+11      463        0        0        0        0        0        0        0        0                  395                  142 
0.2009E+11      461        0        0        0        0        0        0        0        0                  397                  142 
0.2024E+11      459        0        0        0        0        1        0        0        0                  398                  142 
0.2036E+11      457        0        0        1        0        0        0        0        0                  398                  144 
0.2042E+11      455        0        0        0        0        1        0        0        0                  400                  144 
0.2060E+11      453        0        0        1        0        0        0        0        0                  402                  144 
0.2076E+11      453        0        0        0        0        0        0        0        0                  402                  145 
0.2083E+11      451        0        0        1        0        0        0        0        0                  402                  146 
0.2094E+11      449        0        0        1        0        0        0        0        0                  404                  146 
0.2103E+11      447        0        0        1        0        0        0        0        0                  406                  146 
0.2115E+11      445        0        0        0        0        0        0        0        0                  407                  148 
0.2142E+11      443        0        0        0        0        0        0        0        0                  409                  148 
0.2148E+11      441        0        0        0        0        0        0        0        0                  411                  148 
0.2158E+11      439        0        0        0        0        1        0        0        0                  412                  148 
0.2170E+11      439        0        0        0        0        0        0        0        0                  412                  149 
0.2187E+11      437        0        0        0        0        0        0        0        0                  414                  149 
0.2204E+11      437        0        0        0        0        0        0        0        0                  414                  149 
0.2225E+11      435        0        0        0        0        1        0        0        0                  414                  150 
0.2240E+11      435        0        0        0        0        0        0        0        0                  415                  150 
0.2253E+11      433        0        0        0        0        0        0        0        0                  417                  150 
0.2263E+11      431        0        0        1        0        0        0        0        0                  418                  150 
0.2273E+11      429        0        0        0        0        0        0        0        0                  419                  152 
0.2298E+11      425        0        0        1        0        0        0        0        0                  421                  153 
0.2308E+11      425        0        0        1        0        0        0        0        0                  421                  153 
0.2317E+11      423        0        0        0        0        0        0        0        0                  424                  153 
0.2347E+11      417        0        0        1        0        0        0        0        0                  427                  155 
0.2366E+11      417        0        0        0        0        0        0        0        0                  428                  155 
0.2390E+11      413        1        0        0        0        0        0        0        0                  430                  156 
0.2402E+11      408        0        0        0        0        0        0        0        0                  433                  159 
0.2421E+11      406        0        0        1        0        0        0        0        0                  433                  160 
0.2440E+11      404        0        0        0        0        1        0        0        0                  434                  161 
0.2448E+11      402        0        0        0        0        0        0        0        0                  434                  164 
0.2463E+11      397        0        0        0        0        1        0        0        0                  435                  167 
0.2474E+11      397        0        0        0        0        0        0        0        0                  436                  167 
0.2497E+11      392        0        0        0        0        0        0        0        1                  439                  168 
0.2508E+11      391        1        0        0        0        0        0        0        0                  439                  169 
0.2531E+11      390        0        0        1        0        0        0        0        0                  439                  170 
0.2566E+11      390        0        0        1        0        0        0        0        0                  439                  170 
0.2583E+11      387        0        0        1        0        0        0        0        0                  441                  171 
0.2599E+11      387        0        0        0        0        0        0        0        0                  442                  171 
0.2604E+11      387        0        0        0        0        0        0        0        0                  442                  171 
0.2619E+11      383        0        0        0        0        0        0        0        0                  446                  171 
0.2632E+11      381        0        0        1        0        0        0        0        0                  447                  171 
0.2657E+11      381        0        0        0        0        0        0        0        0                  447                  172 
0.2670E+11      379        0        0        0        0        0        0        0        0                  449                  172 
0.2698E+11      375        0        0        0        0        1        0        0        0                  452                  172 
0.2704E+11      373        0        0        1        0        0        0        0        0                  452                  174 
0.2725E+11      371        0        0        1        0        0        0        0        0                  454                  174 
0.2739E+11      369        0        0        0        0        0        0        0        0                  456                  175 
0.2759E+11      369        0        0        0        0        0        0        0        0                  456                  175 
0.2777E+11      365        0        0        1        0        0        0        0        0                  456                  178 
0.2798E+11      361        0        0        0        0        1        0        0        0                  459                  179 
0.2825E+11      359        0        0        0        0        0        0        0        0                  462                  179 
0.2836E+11      355        0        0        0        0        0        0        0        0                  465                  180 
0.2851E+11      353        0        0        0        0        0        0        0        0                  466                  181 
0.2867E+11      353        0        0        0        0        0        0        0        0                  466                  181 
0.2889E+11      353        0        0        0        0        0        0        0        0                  466                  181 
0.2908E+11      349        0        0        0        0        0        0        0        0                  469                  182 
0.2934E+11      345        0        0        0        0        0        0        0        0                  472                  183 
0.2948E+11      345        0        0        0        0        0        0        0        0                  472                  183 
0.2960E+11      341        1        0        0        0        0        0        0        0                  474                  184 
0.2967E+11      339        0        0        0        0        0        0        0        0                  476                  185 
0.2977E+11      335        0        0        0        0        0        0        0        0                  478                  187 
0.3004E+11      335        0        0        0        0        0        0        0        0                  478                  187 
0.3012E+11      333        0        0        0        0        0        0        0        0                  479                  188 
0.3029E+11      329        0        0        0        0        0        0        0        0                  482                  189 
0.3040E+11      327        0        0        0        0        0        0        0        0                  483                  190 
0.3054E+11      327        0        0        0        0        0        0        0        0                  483                  190 
0.3080E+11      324        0        0        0        0        0        0        0        0                  485                  191 
0.3101E+11      318        0        0        0        0        0        0        0        0                  489                  193 
0.3115E+11      316        0        0        1        0        0        0        0        0                  490                  193 
0.3132E+11      314        0        0        0        0        0        0        0        0                  493                  193 
0.3164E+11      310        0        0        1        0        0        0        0        0                  496                  193 
0.3187E+11      306        0        0        0        0        0        0        0        0                  499                  195 
0.3203E+11      304        0        0        1        0        0        0        0        0                  500                  195 
0.3216E+11      301        0        0        0        0        0        0        0        0                  502                  197 
0.3232E+11      297        0        0        0        0        0        0        0        0                  504                  199 
0.3258E+11      295        0        0        1        0        0        0        0        0                  505                  199 
0.3278E+11      295        0        0        0        0        0        0        0        0                  505                  200 
0.3302E+11      289        0        0        1        0        0        0        0        0                  509                  201 
0.3315E+11      287        0        0        1        0        0        0        0        0                  509                  203 
0.3330E+11      285        0        0        0        0        0        0        0        0                  511                  204 
0.3348E+11      279        0        0        0        0        0        0        0        0                  515                  206 
0.3370E+11      277        0        0        0        0        0        0        0        0                  516                  207 
0.3416E+11      271        0        0        1        0        0        0        0        0                  520                  208 
0.3431E+11      271        0        0        0        0        0        0        0        0                  521                  208 
0.3449E+11      269        0        0        0        0        1        0        0        0                  522                  208 
0.3466E+11      267        0        0        0        0        0        0        0        0                  525                  208 
0.3487E+11      265        0        0        0        0        1        0        0        0                  525                  209 
0.3503E+11      265        0        0        0        0        0        0        0        0                  525                  210 
0.3523E+11      263        0        0        0        0        1        0        0        0                  525                  211 
0.3548E+11      261        0        0        1        0        0        0        0        0                  527                  211 
0.3578E+11      261        0        0        0        0        0        0        0        0                  527                  212 
0.3604E+11      259        0        0        0        0        0        0        0        0                  527                  214 
0.3623E+11      255        0        0        0        0        0        0        0        0                  530                  215 
0.3638E+11      253        0        0        0        0        0        0        0        0                  532                  215 
0.3663E+11      249        0        0        0        0        0        0        0        0                  532                  219 
0.3674E+11      249        0        0        0        0        0        0        0        0                  532                  219 
0.3709E+11      247        0        0        0        0        0        0        0        0                  533                  220 
0.3740E+11      245        0        0        0        0        0        0        0        0                  534                  221 
0.3756E+11      243        0        0        1        0        0        0        0        0                  535                  221 
0.3785E+11      243        0        0        0        0        0        0        0        0                  536                  221 
0.3804E+11      241        0        0        0        0        0        0        0        0                  538                  221 
0.3837E+11      237        0        0        1        0        0        0        0        0                  540                  222 
0.3869E+11      237        0        0        0        0        0        0        0        0                  540                  223 
0.3904E+11      235        0        0        0        0        0        0        0        0                  542                  223 
0.3916E+11      233        0        0        0        0        0        0        0        0                  543                  224 
0.3930E+11      233        0        0        0        0        0        0        0        0                  543                  224 
0.3954E+11      231        0        0        0        0        0        0        0        0                  544                  225 
0.3989E+11      227        0        0        0        0        0        0        0        0                  546                  227 
0.4048E+11      223        0        0        1        0        0        0        0        0                  549                  227 
0.4076E+11      221        0        0        1        0        0        0        0        0                  550                  228 
0.4108E+11      219        0        0        1        0        0        0        0        0                  551                  229 
0.4147E+11      219        0        0        1        0        0        0        0        0                  551                  229 
0.4155E+11      219        0        0        0        0        0        0        0        0                  552                  229 
0.4216E+11      217        0        0        0        0        0        0        0        0                  553                  230 
0.4239E+11      215        0        0        0        0        0        0        0        0                  555                  230 
0.4279E+11      211        0        0        0        0        0        0        0        0                  559                  230 
0.4332E+11      209        0        0        1        0        0        0        0        0                  560                  230 
0.4357E+11      209        0        0        1        0        0        0        0        0                  560                  230 
0.4391E+11      209        0        0        0        0        0        0        0        0                  561                  230 
0.4404E+11      205        0        0        0        0        1        0        0        0                  563                  231 
0.4428E+11      205        0        0        1        0        0        0        0        0                  563                  231 
0.4449E+11      205        0        0        0        0        0        0        0        0                  564                  231 
0.4462E+11      205        0        0        0        0        0        0        0        0                  564                  231 
0.4496E+11      201        0        0        0        0        0        1        0        0                  567                  231 
0.4496E+11      201        0        0        0        0        0        0        1        0                  567                  231 
0.4496E+11      201        0        0        0        0        0        0        1        0                  567                  231 
0.4496E+11      201        0        0        0        0        0        0        1        0                  567                  231 
0.4496E+11      201        0        0        0        0        0        0        1        0                  567                  231 
0.4496E+11      201        0        0        0        0        0        0        1        0                  567                  231 
0.4496E+11      201        0        0        0        0        0        0        1        0                  567                  231 
0.4496E+11      201        0        0        0        0        0        0        1        0                  567                  231 
0.4496E+11      201        0        0        0        0        0        0        1        0                  567                  231 
0.4496E+11      201        0        0        0        0        0        0        1        0                  567                  231 
0.4496E+11      201        0        0        0        0        0        0        1        0                  567                  231 
0.4496E+11      201        0        0        0        0        0        0        1        0                  567                  231 
0.4496E+11      201        0        0        0        0        0        0        1        0                  567                  231 
0.4496E+11      201        0        0        0        0        0        0        1        0                  567                  231 
0.4496E+11      201        0        0        0        0        0        0        1        0                  567                  231 
0.4496E+11      201        0        0        0        0        0        0        1        0                  567                  231 
0.4496E+11      201        0        0        0        0        0        0        1        0                  567                  231 
0.4496E+11      201        0        0        0        0        0        0        1        0                  567                  231 
0.4496E+11      201        0        0        0        0        0        0        1        0                  567                  231 
0.4496E+11      201        0        0        0        0        0        0        1        0                  567                  231 
0.4496E+11      201        0        0        0        0        0        0        1        0                  567                  231 
0.4496E+11      201        0        0        0        0        0        0        1        0                  567                  231 
0.4496E+11      201        0        0        0        0        0        0        1        0                  567                  231 
0.4496E+11      201        0        0        0        0        0        0        1        0                  567                  231 
0.4496E+11      201        0        0        0        0        0        0        1        0                  567                  231 
0.4496E+11      201        0        0        0        0        0        0        1        0                  567                  231 
0.4496E+11      201        0        0        0        0        0        0        1        0                  567                  231 
0.4496E+11      201        0        0        0        0        0        0        1        0                  567                  231 
0.4496E+11      201        0        0        0        0        0        0        1        0                  567                  231 
0.4496E+11      201        0        0        0        0        0        0        1        0                  567                  231 
0.4496E+11      201        0        0        0        0        0        0        1        0                  567                  231 
0.4496E+11      201        0        0        0        0        0        0        1        0                  567                  231 
0.4496E+11      201        0        0        0        0        0        0        1        0                  567                  231 
0.4496E+11      201        0        0        0        0        0        0        1        0                  567                  231 
0.4496E+11      201        0        0        0        0        0        0        1        0                  567                  231 
0.4496E+11      201        0        0        0        0        0        0        1        0                  567                  231 
0.4496E+11      201        0        0        0        0        0        0        1        0                  567                  231 
0.4496E+11      201        0        0        0        0        0        0        1        0                  567                  231 
0.4496E+11      201        0        0        0        0        0        0        1        0                  567                  231 
0.4496E+11      201        0        0        0        0        0        0        1        0                  567                  231 
0.4496E+11      201        0        0        0        0        0        0        1        0                  567                  231 
0.4496E+11      201        0        0        0        0        0        0        1        0                  567                  231 
0.4496E+11      201        0        0        0        0        0        0        1        0                  567                  231 
0.4496E+11      201        0        0        0        0        0        0        1        0                  567                  231 
0.4496E+11      201        0        0        0        0        0        0        1        0                  567                  231 
0.4496E+11      201        0        0        0        0        0        0        1        0                  567                  231 
0.4496E+11      201        0        0        0        0        0        0        1        0                  567                  231 
0.4496E+11      201        0        0        0        0        0        0        1        0                  567                  231 
0.4496E+11      201        0        0        0        0        0        0        1        0                  567                  231 
0.4496E+11      201        0        0        0        0        0        0        1        0                  567                  231 
0.4496E+11      201        0        0        0        0        0        0        1        0                  567                  231 
0.4496E+11      201        0        0        0        0        0        0        1        0                  567                  231 
0.4496E+11      201        0        0        0        0        0        0        1        0                  567                  231 
0.4496E+11      201        0        0        0        0        0        0        1        0                  567                  231 
0.4496E+11      201        0        0        0        0        0        0        1        0                  567                  231 
0.4496E+11      201        0        0        0        0        0        0        1        0                  567                  231 
0.4496E+11      201        0        0        0        0        0        0        1        0                  567                  231 
0.4496E+11      201        0        0        0        0        0        0        1        0                  567                  231 
0.4496E+11      201        0        0        0        0        0        0        1        0                  567                  231 
0.4496E+11      201        0        0        0        0        0        0        1        0                  567                  231 
0.4496E+11      201        0        0        0        0        0        0        1        0                  567                  231 
0.4496E+11      201        0        0        0        0        0        0        1        0                  567                  231 
0.4496E+11      201        0        0        0        0        0        0        1        0                  567                  231 
0.4496E+11      201        0        0        0        0        0        0        1        0                  567                  231 
0.4496E+11      201        0        0        0        0        0        0        1        0                  567                  231 
0.4496E+11      201        0        0        0        0        0        0        1        0                  567                  231 
0.4496E+11      201        0        0        0        0        0        0        1        0                  567                  231 
0.4496E+11      201        0        0        0        0        0        0        1        0                  567                  231 
0.4496E+11      201        0        0        0        0        0        0        1        0                  567                  231 
0.4496E+11      201        0        0        0        0        0        0        1        0                  567                  231 
0.4496E+11      201        0        0        0        0        0        0        1        0                  567                  231 
0.4496E+11      201        0        0        0        0        0        0        1        0                  567                  231 
0.4497E+11      201        0        0        0        0        0        0        1        0                  567                  231 
0.4497E+11      201        0        0        0        0        0        0        1        0                  567                  231 
0.4497E+11      201        0        0        0        0        0        0        1        0                  567                  231 
0.4497E+11      201        0        0        0        0        0        0        1        0                  567                  231 
0.4497E+11      201        0        0        0        0        0        0        1        0                  567                  231 
0.4497E+11      201        0        0        0        0        0        0        1        0                  567                  231 
0.4497E+11      201        0        0        0        0        0        0        1        0                  567                  231 
0.4497E+11      201        0        0        0        0        0        0        1        0                  567                  231 
0.4497E+11      201        0        0        0        0        0        0        1        0                  567                  231 
0.4497E+11      201        0        0        0        0        0        0        1        0                  567                  231 
0.4497E+11      201        0        0        0        0        0        0        1        0                  567                  231 
0.4497E+11      201        0        0        0        0        0        0        1        0                  567                  231 
0.4497E+11      201        0        0        0        0        0        0        1        0                  567                  231 
0.4497E+11      201        0        0        0        0        0        0        1        0                  567                  231 
0.4497E+11      201        0        0        0        0        0        0        1        0                  567                  231 
0.4497E+11      201        0        0        0        0        0        0        1        0                  567                  231 
0.4497E+11      201        0        0        0        0        0        0        1        0                  567                  231 
0.4497E+11      201        0        0        0        0        0        0        1        0                  567                  231 
0.4497E+11      201        0        0        0        0        0        0        1        0                  567                  231 
0.4497E+11      201        0        0        0        0        0        0        1        0                  567                  231 
0.4497E+11      201        0        0        0        0        0        0        1        0                  567                  231 
0.4497E+11      201        0        0        0        0        0        0        1        0                  567                  231 
0.4497E+11      201        0        0        0        0        0        0        1        0                  567                  231 
0.4497E+11      201        0        0        0        0        0        0        1        0                  567                  231 
0.4497E+11      201        0        0        0        0        0        0        1        0                  567                  231 
0.4497E+11      201        0        0        0        0        0        0        1        0                  567                  231 
0.4497E+11      201        0        0        0        0        0        0        1        0                  567                  231 
0.4497E+11      201        0        0        0        0        0        0        1        0                  567                  231 
0.4497E+11      201        0        0        0        0        0        0        1        0                  567                  231 
0.4497E+11      201        0        0        0        0        0        0        1        0                  567                  231 
0.4497E+11      201        0        0        0        0        0        0        1        0                  567                  231 
0.4497E+11      201        0        0        0        0        0        0        1        0                  567                  231 
0.4497E+11      201        0        0        0        0        0        0        1        0                  567                  231 
0.4497E+11      201        0        0        0        0        0        0        1        0                  567                  231 
0.4497E+11      201        0        0        0        0        0        0        1        0                  567                  231 
0.4497E+11      201        0        0        0        0        0        0        1        0                  567                  231 
0.4497E+11      201        0        0        0        0        0        0        1        0                  567                  231 
0.4497E+11      201        0        0        0        0        0        0        1        0                  567                  231 
0.4497E+11      201        0        0        0        0        0        0        1        0                  567                  231 
0.4497E+11      201        0        0        0        0        0        0        1        0                  567                  231 
0.4497E+11      201        0        0        0        0        0        0        1        0                  567                  231 
0.4497E+11      201        0        0        0        0        0        0        1        0                  567                  231 
0.4497E+11      201        0        0        0        0        0        0        1        0                  567                  231 
0.4497E+11      201        0        0        0        0        0        0        1        0                  567                  231 
0.4497E+11      201        0        0        0        0        0        0        1        0                  567                  231 
0.4497E+11      201        0        0        0        0        0        0        1        0                  567                  231 
0.4497E+11      201        0        0        0        0        0        0        1        0                  567                  231 
0.4497E+11      201        0        0        0        0        0        0        1        0                  567                  231 
0.4497E+11      201        0        0        0        0        0        0        1        0                  567                  231 
0.4497E+11      201        0        0        0        0        0        0        1        0                  567                  231 
0.4497E+11      201        0        0        0        0        0        0        1        0                  567                  231 
0.4497E+11      201        0        0        0        0        0        0        1        0                  567                  231 
0.4497E+11      201        0        0        0        0        0        0        1        0                  567                  231 
0.4497E+11      200        0        0        0        1        0        0        0        0                  567                  232 
0.4497E+11      200        0        0        0        1        0        0        0        0                  567                  232 
0.4497E+11      200        0        0        0        1        0        0        0        0                  567                  232 
0.4497E+11      200        0        0        0        1        0        0        0        0                  567                  232 
0.4497E+11      200        0        0        0        1        0        0        0        0                  567                  232 
0.4497E+11      200        0        0        0        1        0        0        0        0                  567                  232 
0.4497E+11      200        0        0        0        1        0        0        0        0                  567                  232 
0.4497E+11      200        0        0        0        1        0        0        0        0                  567                  232 
0.4497E+11      200        0        0        0        1        0        0        0        0                  567                  232 
0.4497E+11      200        0        0        0        1        0        0        0        0                  567                  232 
0.4497E+11      200        0        0        0        1        0        0        0        0                  567                  232 
0.4497E+11      200        0        0        0        1        0        0        0        0                  567                  232 
0.4497E+11      200        0        0        0        1        0        0        0        0                  567                  232 
0.4497E+11      200        0        0        0        1        0        0        0        0                  567                  232 
0.4497E+11      200        0        0        0        1        0        0        0        0                  567                  232 
0.4497E+11      200        0        0        0        1        0        0        0        0                  567                  232 
0.4497E+11      200        0        0        0        1        0        0        0        0                  567                  232 
0.4497E+11      200        0        0        0        1        0        0        0        0                  567                  232 
0.4497E+11      200        0        0        0        1        0        0        0        0                  567                  232 
0.4497E+11      200        0        0        0        1        0        0        0        0                  567                  232 
0.4498E+11      200        0        0        0        1        0        0        0        0                  567                  232 
0.4498E+11      200        0        0        0        1        0        0        0        0                  567                  232 
0.4498E+11      200        0        0        0        1        0        0        0        0                  567                  232 
0.4498E+11      200        0        0        0        1        0        0        0        0                  567                  232 
0.4498E+11      200        0        0        0        1        0        0        0        0                  567                  232 
0.4498E+11      200        0        0        0        1        0        0        0        0                  567                  232 
0.4498E+11      200        0        0        0        1        0        0        0        0                  567                  232 
0.4498E+11      200        0        0        0        1        0        0        0        0                  567                  232 
0.4498E+11      200        0        0        0        1        0        0        0        0                  567                  232 
0.4498E+11      200        0        0        0        1        0        0        0        0                  567                  232 
0.4498E+11      200        0        0        0        1        0        0        0        0                  567                  232 
0.4498E+11      200        0        0        0        1        0        0        0        0                  567                  232 
0.4498E+11      200        0        0        0        1        0        0        0        0                  567                  232 
0.4498E+11      200        0        0        0        1        0        0        0        0                  567                  232 
0.4498E+11      200        0        0        0        1        0        0        0        0                  567                  232 
0.4498E+11      200        0        0        0        1        0        0        0        0                  567                  232 
0.4498E+11      200        0        0        0        1        0        0        0        0                  567                  232 
0.4498E+11      200        0        0        0        1        0        0        0        0                  567                  232 
0.4498E+11      200        0        0        0        1        0        0        0        0                  567                  232 
0.4498E+11      200        0        0        0        1        0        0        0        0                  567                  232 
0.4498E+11      200        0        0        0        1        0        0        0        0                  567                  232 
0.4498E+11      200        0        0        0        1        0        0        0        0                  567                  232 
0.4498E+11      200        0        0        0        1        0        0        0        0                  567                  232 
0.4498E+11      200        0        0        0        1        0        0        0        0                  567                  232 
0.4498E+11      200        0        0        0        1        0        0        0        0                  567                  232 
0.4498E+11      200        0        0        0        1        0        0        0        0                  567                  232 
0.4498E+11      200        0        0        0        1        0        0        0        0                  567                  232 
0.4498E+11      200        0        0        0        1        0        0        0        0                  567                  232 
0.4498E+11      200        0        0        0        1        0        0        0        0                  567                  232 
0.4498E+11      200        0        0        0        1        0        0        0        0                  567                  232 
0.4498E+11      200        0        0        0        1        0        0        0        0                  567                  232 
0.4498E+11      200        0        0        0        1        0        0        0        0                  567                  232 
0.4498E+11      200        0        0        0        1        0        0        0        0                  567                  232 
0.4498E+11      200        0        0        0        1        0        0        0        0                  567                  232 
0.4498E+11      200        0        0        0        1        0        0        0        0                  567                  232 
0.4498E+11      200        0        0        0        1        0        0        0        0                  567                  232 
0.4498E+11      200        0        0        0        1        0        0        0        0                  567                  232 
0.4498E+11      200        0        0        0        1        0        0        0        0                  567                  232 
0.4498E+11      200        0        0        0        1        0        0        0        0                  567                  232 
0.4498E+11      200        0        0        0        1        0        0        0        0                  567                  232 
0.4498E+11      200        0        0        0        1        0        0        0        0                  567                  232 
0.4498E+11      200        0        0        0        1        0        0        0        0                  567                  232 
0.4498E+11      200        0        0        0        1        0        0        0        0                  567                  232 
0.4498E+11      200        0        0        0        1        0        0        0        0                  567                  232 
0.4498E+11      200        0        0        0        1        0        0        0        0                  567                  232 
0.4498E+11      200        0        0        0        1        0        0        0        0                  567                  232 
0.4498E+11      200        0        0        0        1        0        0        0        0                  567                  232 
0.4498E+11      200        0        0        0        1        0        0        0        0                  567                  232 
0.4498E+11      200        0        0        0        1        0        0        0        0                  567                  232 
0.4498E+11      200        0        0        0        1        0        0        0        0                  567                  232 
0.4498E+11      200        0        0        0        1        0        0        0        0                  567                  232 
0.4498E+11      200        0        0        0        1        0        0        0        0                  567                  232 
0.4498E+11      200        0        0        0        1        0        0        0        0                  567                  232 
0.4498E+11      200        0        0        0        1        0        0        0        0                  567                  232 
0.4498E+11      200        0        0        0        1        0        0        0        0                  567                  232 
0.4498E+11      200        0        0        0        1        0        0        0        0                  567                  232 
0.4498E+11      200        0        0        0        1        0        0        0        0                  567                  232 
0.4498E+11      200        0        0        0        1        0        0        0        0                  567                  232 
0.4498E+11      200        0        0        0        1        0        0        0        0                  567                  232 
0.4498E+11      200        0        0        0        1        0        0        0        0                  567                  232 
0.4498E+11      200        0        0        0        1        0        0        0        0                  567                  232 
0.4498E+11      200        0        0        0        1        0        0        0        0                  567                  232 
0.4498E+11      200        0        0        0        1        0        0        0        0                  567                  232 
0.4498E+11      200        0        0        0        1        0        0        0        0                  567                  232 
0.4498E+11      200        0        0        0        1        0        0        0        0                  567                  232 
0.4498E+11      200        0        0        0        1        0        0        0        0                  567                  232 
0.4498E+11      200        0        0        0        1        0        0        0        0                  567                  232 
0.4498E+11      200        0        0        0        1        0        0        0        0                  567                  232 
0.4498E+11      200        0        0        0        1        0        0        0        0                  567                  232 
0.4498E+11      200        0        0        0        1        0        0        0        0                  567                  232 
0.4498E+11      200        0        0        0        1        0        0        0        0                  567                  232 
0.4498E+11      200        0        0        0        1        0        0        0        0                  567                  232 
0.4498E+11      200        0        0        0        1        0        0        0        0                  567                  232 
0.4498E+11      200        0        0        0        1        0        0        0        0                  567                  232 
0.4498E+11      200        0        0        0        1        0        0        0        0                  567                  232 
0.4498E+11      200        0        0        0        1        0        0        0        0                  567                  232 
0.4498E+11      200        0        0        0        1        0        0        0        0                  567                  232 
0.4498E+11      200        0        0        0        1        0        0        0        0                  567                  232 
0.4498E+11      200        0        0        0        1        0        0        0        0                  567                  232 
0.4498E+11      200        0        0        0        1        0        0        0        0                  567                  232 
0.4498E+11      200        0        0        0        1        0        0        0        0                  567                  232 
0.4499E+11      200        0        0        0        1        0        0        0        0                  567                  232 
0.4499E+11      200        0        0        0        1        0        0        0        0                  567                  232 
0.4499E+11      200        0        0        0        1        0        0        0        0                  567                  232 
0.4499E+11      200        0        0        0        1        0        0        0        0                  567                  232 
0.4499E+11      200        0        0        0        1        0        0        0        0                  567                  232 
0.4499E+11      200        0        0        0        1        0        0        0        0                  567                  232 
0.4499E+11      200        0        0        0        1        0        0        0        0                  567                  232 
0.4499E+11      200        0        0        0        1        0        0        0        0                  567                  232 
0.4499E+11      200        0        0        0        1        0        0        0        0                  567                  232 
0.4499E+11      200        0        0        0        1        0        0        0        0                  567                  232 
0.4499E+11      200        0        0        0        1        0        0        0        0                  567                  232 
0.4499E+11      200        0        0        0        1        0        0        0        0                  567                  232 
0.4499E+11      200        0        0        0        1        0        0        0        0                  567                  232 
0.4499E+11      200        0        0        0        1        0        0        0        0                  567                  232 
0.4499E+11      200        0        0        0        1        0        0        0        0                  567                  232 
0.4499E+11      200        0        0        0        1        0        0        0        0                  567                  232 
0.4499E+11      200        0        0        0        1        0        0        0        0                  567                  232 
0.4499E+11      200        0        0        0        1        0        0        0        0                  567                  232 
0.4499E+11      200        0        0        0        1        0        0        0        0                  567                  232 
0.4499E+11      200        0        0        0        1        0        0        0        0                  567                  232 
0.4499E+11      200        0        0        0        1        0        0        0        0                  567                  232 
0.4499E+11      200        0        0        0        1        0        0        0        0                  567                  232 
0.4499E+11      200        0        0        0        1        0        0        0        0                  567                  232 
0.4499E+11      200        0        0        0        1        0        0        0        0                  567                  232 
0.4499E+11      200        0        0        0        1        0        0        0        0                  567                  232 
0.4499E+11      200        0        0        0        1        0        0        0        0                  567                  232 
0.4499E+11      200        0        0        0        1        0        0        0        0                  567                  232 
0.4499E+11      200        0        0        0        1        0        0        0        0                  567                  232 
0.4499E+11      200        0        0        0        1        0        0        0        0                  567                  232 
0.4499E+11      200        0        0        0        1        0        0        0        0                  567                  232 
0.4499E+11      200        0        0        0        1        0        0        0        0                  567                  232 
0.4499E+11      200        0        0        0        1        0        0        0        0                  567                  232 
0.4499E+11      200        0        1        0        0        0        0        0        0                  567                  232 
0.4515E+11      199        0        0        0        0        0        0        0        0                  568                  233 
0.4527E+11      197        0        0        0        0        0        0        0        0                  569                  234 
0.4562E+11      194        0        0        0        0        1        0        0        0                  570                  235 
0.4577E+11      192        0        0        1        0        0        0        0        0                  572                  235 
0.4615E+11      190        0        0        0        0        0        0        0        0                  575                  235 
0.4650E+11      186        0        0        1        0        0        0        0        0                  577                  236 
0.4677E+11      186        0        0        0        0        0        0        0        0                  578                  236 
0.4725E+11      180        0        0        1        0        0        0        0        0                  582                  237 
0.4739E+11      178        0        0        0        0        0        0        0        0                  585                  237 
0.4754E+11      176        0        0        0        0        1        0        0        0                  586                  237 
0.4806E+11      172        0        0        1        0        0        0        0        0                  589                  238 
0.4843E+11      172        0        0        1        0        0        0        0        0                  589                  238 
0.4863E+11      172        0        0        0        0        1        0        0        0                  589                  238 
0.4894E+11      172        0        0        0        0        0        0        0        0                  590                  238 
0.4935E+11      170        0        0        0        0        0        0        0        0                  592                  238 
0.4962E+11      168        0        0        1        0        0        0        0        0                  593                  238 
0.5025E+11      166        0        0        0        0        0        0        0        0                  594                  240 
0.5052E+11      164        0        0        1        0        0        0        0        0                  594                  241 
0.5062E+11      164        0        0        0        0        0        0        0        0                  594                  242 
0.5117E+11      162        0        0        0        0        0        0        0        0                  595                  243 
0.5156E+11      160        0        0        0        0        0        0        0        0                  597                  243 
0.5189E+11      158        0        0        0        0        0        0        0        0                  599                  243 
0.5218E+11      152        0        0        0        0        0        0        0        0                  604                  244 
0.5252E+11      150        0        0        1        0        0        0        0        0                  605                  244 
0.5297E+11      148        0        0        1        0        0        0        0        0                  607                  244 
0.5344E+11      146        0        0        0        0        0        0        0        0                  610                  244 
0.5417E+11      139        0        0        1        0        0        0        0        0                  615                  245 
0.5445E+11      135        0        0        1        0        0        0        0        0                  618                  246 
0.5479E+11      131        0        0        1        0        0        0        0        0                  620                  248 
0.5500E+11      128        0        0        0        0        0        0        0        0                  621                  251 
0.5532E+11      126        0        0        1        0        0        0        0        0                  622                  251 
0.5585E+11      124        0        0        0        0        0        0        0        0                  625                  251 
0.5634E+11      124        0        0        0        0        0        0        0        0                  625                  251 
0.5680E+11      122        0        0        1        0        0        0        0        0                  625                  252 
0.5732E+11      122        0        0        0        0        0        0        0        0                  626                  252 
0.5752E+11      122        0        0        0        0        0        0        0        0                  626                  252 
0.5787E+11      122        0        0        0        0        0        0        0        0                  626                  252 
0.5816E+11      120        0        0        0        0        0        0        0        0                  628                  252 
0.5871E+11      117        0        0        1        0        0        0        0        0                  629                  253 
0.5958E+11      115        0        0        1        0        0        0        0        0                  630                  254 
0.5981E+11      115        0        0        0        0        0        0        0        0                  631                  254 
0.6030E+11      113        0        0        0        0        1        0        0        0                  631                  255 
0.6089E+11      109        0        0        1        0        0        0        0        0                  633                  257 
0.6124E+11      109        0        0        1        0        0        0        0        0                  633                  257 
0.6180E+11      109        0        0        0        0        0        0        0        0                  634                  257 
0.6216E+11      106        0        0        0        0        1        0        0        0                  635                  258 
0.6236E+11      106        0        0        1        0        0        0        0        0                  635                  258 
0.6282E+11      104        0        0        1        0        0        0        0        0                  637                  258 
0.6323E+11      102        0        0        1        0        0        0        0        0                  638                  259 
0.6350E+11      102        0        0        0        0        0        0        0        0                  639                  259 
0.6405E+11      100        0        0        1        0        0        0        0        0                  640                  259 
0.6426E+11      100        0        0        0        0        0        0        0        0                  640                  260 
0.6502E+11       96        0        0        0        0        0        0        0        0                  643                  261 
0.6597E+11       90        0        0        1        0        0        0        0        0                  647                  262 
0.6646E+11       88        0        0        0        0        1        0        0        0                  649                  262 
0.6717E+11       86        0        0        0        0        0        0        0        0                  649                  265 
0.6814E+11       84        0        0        0        0        1        0        0        0                  650                  265 
0.6867E+11       84        0        0        0        0        0        0        0        0                  651                  265 
0.6941E+11       82        0        0        0        0        0        0        0        0                  652                  266 
0.7014E+11       80        0        0        1        0        0        0        0        0                  652                  267 
0.7087E+11       78        0        0        0        0        0        0        0        0                  655                  267 
0.7170E+11       74        0        0        1        0        0        0        0        0                  656                  269 
0.7299E+11       72        0        0        1        0        0        0        0        0                  657                  270 
0.7325E+11       72        1        0        0        0        0        0        0        0                  657                  270 
0.7401E+11       70        0        0        0        0        0        0        0        0                  660                  270 
0.7510E+11       66        0        0        0        0        0        0        0        0                  664                  270 
0.7591E+11       60        0        0        0        0        1        0        0        0                  666                  273 
0.7719E+11       56        0        0        0        0        0        0        0        0                  667                  277 
0.7816E+11       52        0        0        1        0        0        0        0        0                  667                  280 
0.7929E+11       52        0        0        0        0        1        0        0        0                  667                  280 
0.7988E+11       50        0        0        0        0        0        0        0        0                  669                  281 
0.8069E+11       46        0        0        1        0        0        0        0        0                  672                  281 
0.8190E+11       46        0        0        0        0        0        0        0        0                  673                  281 
0.8332E+11       40        0        0        0        0        0        0        0        0                  677                  283 
0.8570E+11       36        0        0        0        0        0        0        0        0                  678                  286 
0.8846E+11       34        0        0        0        0        0        0        0        0                  679                  287 
0.9142E+11       28        0        0        0        0        0        0        0        0                  685                  287 
0.9434E+11       26        0        0        1        0        0        0        0        0                  686                  287 
0.9758E+11       24        0        0        0        0        0        0        0        0                  688                  288 
0.1010E+12       21        0        0        0        0        0        0        0        0                  690                  289 
0.1038E+12       21        0        0        0        0        0        0        0        0                  690                  289 
0.1064E+12       17        0        0        0        0        0        0        0        0                  692                  291 
0.1084E+12       15        0        0        0        0        1        0        0        0                  693                  291 
0.1096E+12       15        0        0        1        0        0        0        0        0                  693                  291 
0.1138E+12       15        0        0        1        0        0        0        0        0                  693                  291 
0.1199E+12       13        0        0        0        0        0        0        0        0                  696                  291 
0.1245E+12       13        0        0        0        0        0        0        0        0                  696                  291 
0.1276E+12       11        0        0        1        0        0        0        0        0                  697                  291 
0.1313E+12        9        0        0        1        0        0        0        0        0                  698                  292 
0.1413E+12        7        0        0        1        0        0        0        0        0                  700                  292 
0.1449E+12        7        0        0        0        0        0        0        0        0                  701                  292 
0.1558E+12        1        0        0        0        0        1        0        0        0                  703                  295 
0.1949E+12        1        0        0        0        0        0        0        0        0                  703                  296 
0.2131E+12        0        0        0        0        0        0        0        0        0                  703                  297 
