MIN #    DE(kcal/mol)
    1       -5.525
    2       -5.519
    3       -4.937
    4       -4.109
    5       -1.392
    6       -1.237
    7       -1.173
    8       -0.894
    9       -0.822
   10       -0.606
   11       -0.565
   12       -0.552
   13       -0.492
   14       -0.424
   15       -0.114
   16        0.000
   17        0.103
   18        0.187
   19        0.321
   20        0.371
   21        0.530
   22        0.710
   23        0.858
   24        0.989
   25        1.350
   26        1.741
   27        1.804
   28        1.839
   29        1.868
   30        2.006
   31        2.020
   32        2.064
   33        2.083
   34        2.135
   35        2.234
   36        2.321
   37        2.538
   38        2.587
   39        2.675
   40        2.796
   41        2.906
   42        3.232
   43        3.243
   44        3.426
   45        3.592
   46        4.047
   47        4.100
   48        4.112
   49        4.170
   50        4.411
   51        4.736
   52        4.951
   53        4.981
   54        5.030
   55        5.151
   56        5.545
   57        6.117
   58        6.296
   59        6.341
   60        6.470
   61        6.519
   62        6.548
   63        6.557
   64        6.772
   65        6.821
   66        7.049
   67        7.075
   68        7.134
   69        7.509
   70        7.547
   71        7.720
   72        7.761
   73        7.804
   74        7.901
   75        7.932
   76        8.027
   77        8.055
   78        8.123
   79        8.222
   80        8.231
   81        8.283
   82        8.375
   83        8.474
   84        8.496
   85        8.657
   86        8.733
   87        8.775
   88        8.795
   89        8.869
   90        8.904
   91        9.056
   92        9.458
   93        9.606
   94        9.624
   95        9.637
   96        9.686
   97        9.773
   98        9.830
   99        9.901
  100       10.384
  101       10.438
  102       10.506
  103       10.661
  104       10.841
  105       10.869
  106       11.033
  107       11.390
  108       11.518
  109       11.554
  110       11.652
  111       11.687
  112       11.689
  113       11.713
  114       11.811
  115       11.831
  116       12.095
  117       12.114
  118       12.245
  119       12.327
  120       12.500
  121       12.547
  122       12.632
  123       12.699
  124       12.702
  125       12.727
  126       12.954
  127       13.034
  128       13.161
  129       13.254
  130       13.372
  131       13.483
  132       13.568
  133       13.594
  134       13.640
  135       13.643
  136       13.814
  137       13.873
  138       13.895
  139       13.912
  140       13.967
  141       13.976
  142       14.025
  143       14.091
  144       14.160
  145       14.168
  146       14.258
  147       14.356
  148       14.480
  149       14.505
  150       14.689
  151       14.839
  152       14.864
  153       14.908
  154       14.962
  155       15.021
  156       15.285
  157       15.391
  158       15.610
  159       15.679
  160       15.906
  161       16.123
  162       16.218
  163       16.275
  164       16.315
  165       16.353
  166       16.398
  167       16.432
  168       16.523
  169       16.552
  170       16.646
  171       16.792
  172       16.863
  173       16.907
  174       17.430
  175       17.458
  176       17.481
  177       17.562
  178       17.644
  179       17.901
  180       17.999
  181       18.018
  182       18.025
  183       18.315
  184       18.602
  185       19.011
  186       19.074
  187       19.132
  188       19.192
  189       19.269
  190       19.606
  191       19.611
  192       19.666
  193       19.704
  194       19.796
  195       19.802
  196       19.809
  197       19.964
  198       20.019
  199       20.031
  200       20.072
  201       20.119
  202       20.360
  203       20.370
  204       20.408
  205       20.496
  206       20.504
  207       20.594
  208       20.636
  209       20.677
  210       20.812
  211       20.905
  212       21.043
  213       21.061
  214       21.164
  215       21.324
  216       21.336
  217       21.727
  218       21.762
  219       21.815
  220       21.963
  221       21.968
  222       22.206
  223       22.223
  224       22.261
  225       22.491
  226       22.536
  227       22.580
  228       22.688
  229       22.714
  230       22.839
  231       23.312
  232       23.381
  233       23.432
  234       23.709
  235       23.830
  236       24.086
  237       24.354
  238       24.369
  239       24.606
  240       24.624
  241       24.969
  242       25.018
  243       25.066
  244       25.101
  245       25.209
  246       25.261
  247       25.285
  248       25.636
  249       25.647
  250       25.657
  251       25.936
  252       26.018
  253       26.108
  254       26.213
  255       26.262
  256       26.303
  257       26.326
  258       26.347
  259       26.580
  260       26.708
  261       26.734
  262       26.760
  263       26.944
  264       26.993
  265       27.047
  266       27.164
  267       27.188
  268       27.255
  269       27.577
  270       27.890
  271       27.977
  272       28.225
  273       28.513
  274       29.006
  275       29.285
  276       29.341
  277       29.526
  278       29.569
  279       29.603
  280       29.702
  281       29.771
  282       29.819
  283       29.918
  284       29.931
  285       30.273
  286       30.658
  287       30.723
  288       30.730
  289       30.753
  290       30.792
  291       30.817
  292       30.964
  293       31.071
  294       31.308
  295       31.339
  296       31.376
  297       31.553
  298       31.555
  299       31.655
  300       31.698
  301       31.714
  302       31.809
  303       31.827
  304       31.934
  305       32.081
  306       32.192
  307       32.349
  308       32.685
  309       32.721
  310       32.978
  311       33.111
  312       33.181
  313       33.317
  314       33.938
  315       33.941
  316       33.948
  317       34.282
  318       34.305
  319       34.382
  320       34.407
  321       34.435
  322       34.535
  323       34.569
  324       34.676
  325       34.711
  326       34.753
  327       34.873
  328       34.922
  329       34.980
  330       34.992
  331       35.103
  332       35.188
  333       35.312
  334       35.339
  335       35.499
  336       35.617
  337       35.637
  338       35.673
  339       35.813
  340       35.879
  341       35.916
  342       35.958
  343       35.981
  344       35.995
  345       36.095
  346       36.130
  347       36.241
  348       36.320
  349       36.323
  350       36.374
  351       36.393
  352       36.402
  353       36.439
  354       36.507
  355       36.699
  356       36.870
  357       36.936
  358       36.973
  359       37.014
  360       37.085
  361       37.341
  362       37.440
  363       37.481
  364       37.784
  365       37.886
  366       38.212
  367       38.476
  368       38.758
  369       38.784
  370       38.797
  371       38.871
  372       38.993
  373       39.141
  374       39.207
  375       39.267
  376       39.458
  377       39.463
  378       39.482
  379       39.518
  380       39.647
  381       39.728
  382       39.734
  383       39.868
  384       39.888
  385       39.955
  386       40.025
  387       40.073
  388       40.420
  389       40.514
  390       40.529
  391       40.537
  392       40.539
  393       40.551
  394       40.656
  395       40.745
  396       40.833
  397       40.889
  398       41.087
  399       41.105
  400       41.277
  401       41.332
  402       41.481
  403       41.529
  404       41.534
  405       41.579
  406       41.642
  407       41.678
  408       41.722
  409       41.735
  410       41.749
  411       41.784
  412       41.788
  413       41.881
  414       42.000
  415       42.045
  416       42.057
  417       42.093
  418       42.191
  419       42.292
  420       42.407
  421       42.545
  422       42.566
  423       42.691
  424       42.712
  425       42.772
  426       42.860
  427       42.991
  428       43.048
  429       43.083
  430       43.134
  431       43.143
  432       43.276
  433       43.283
  434       43.355
  435       43.484
  436       43.528
  437       43.673
  438       43.735
  439       43.884
  440       43.937
  441       44.014
  442       44.040
  443       44.084
  444       44.091
  445       44.194
  446       44.230
  447       44.297
  448       44.337
  449       44.469
  450       44.476
  451       44.481
  452       44.567
  453       44.662
  454       44.768
  455       45.190
  456       45.387
  457       45.394
  458       45.416
  459       45.420
  460       45.508
  461       45.622
  462       46.216
  463       46.443
  464       46.507
  465       46.514
  466       46.621
  467       46.655
  468       46.797
  469       46.936
  470       46.942
  471       47.213
  472       47.336
  473       47.343
  474       47.533
  475       47.634
  476       47.701
  477       47.732
  478       47.871
  479       47.910
  480       47.987
  481       48.051
  482       48.286
  483       48.401
  484       48.585
  485       48.643
  486       48.666
  487       48.698
  488       48.960
  489       48.962
  490       48.993
  491       49.054
  492       49.095
  493       49.208
  494       49.331
  495       49.338
  496       49.432
  497       49.542
  498       49.782
  499       49.816
  500       49.957
  501       50.026
  502       50.066
  503       50.205
  504       50.391
  505       50.393
  506       50.396
  507       50.418
  508       50.553
  509       50.914
  510       50.927
  511       50.954
  512       50.979
  513       51.049
  514       51.173
  515       51.223
  516       51.258
  517       51.275
  518       51.309
  519       51.338
  520       51.352
  521       51.523
  522       51.595
  523       51.878
  524       51.914
  525       51.974
  526       51.996
  527       51.998
  528       52.089
  529       52.115
  530       52.154
  531       52.381
  532       52.498
  533       52.739
  534       52.774
  535       52.775
  536       53.494
  537       55.253
  538       55.273
  539       55.530
  540       55.561
  541       55.735
  542       55.898
  543       55.966
  544       56.226
  545       56.229
  546       56.517
  547       56.858
  548       57.046
  549       57.231
  550       57.288
  551       57.422
  552       57.687
  553       58.429
  554       58.511
  555       59.055
  556       59.070
  557       59.326
  558       59.503
  559       59.675
  560       59.714
  561       60.166
  562       60.966
  563       61.073
  564       61.092
  565       61.488
  566       61.741
  567       61.805
  568       61.850
  569       62.294
  570       62.351
  571       62.700
  572       62.997
  573       63.021
  574       63.193
  575       63.319
  576       63.515
  577       63.860
  578       64.374
  579       64.522
  580       65.008
  581       65.315
  582       66.186
  583       66.399
  584       67.360
  585       67.885
  586       69.765
  587       70.072
  588       71.314
  589       72.150
  590       74.444
  591       76.552
  592       76.755
  593       77.442
  594       78.278
  595       78.399
  596       79.356
  597       79.374
  598       79.599
  599       80.098
  600       80.670
  601       80.873
  602       81.210
  603       81.681
  604       81.703
  605       85.304
  606       86.013
  607       87.244
  608       87.352
  609       87.835
  610       87.839
  611       88.949
  612       89.123
  613       90.646
  614       90.667
  615       92.841
  616       93.333
  617       93.517
  618       93.886
  619       93.901
  620       96.260
  621       98.483
  622       99.515
  623      107.150
  624      110.640
  625      112.365
  626      130.457
  627      145.965
Conformational isomers are listed in the same line:
2 3 32 
5 9 
7 12 15 67 100 
10 27 28 29 30 33 35 37 39 40 41 43 46 48 49 62 68 70 106 117 
11 18 22 
14 20 
16 17 19 21 25 26 31 44 51 53 59 87 92 97 
23 119 
36 56 101 
38 45 54 
50 52 55 64 65 72 96 
57 58 63 66 69 105 107 108 115 136 
71 73 75 76 78 79 80 81 82 83 84 86 88 95 118 
74 77 
90 94 98 122 140 145 170 177 
103 116 152 
104 121 169 227 
111 112 154 267 
113 147 222 
114 120 125 126 130 134 141 181 226 
124 127 
128 135 138 139 146 153 194 203 215 229 
132 224 
133 142 150 174 176 
143 144 
149 155 159 
151 163 166 168 173 180 219 220 230 240 
158 192 303 
160 165 
162 188 195 
175 184 193 196 197 209 211 213 
178 186 
187 190 198 199 206 231 257 
189 200 204 212 
191 236 
210 281 
217 225 
221 270 277 289 
233 268 276 
238 239 241 242 254 307 
249 252 
251 253 
255 271 290 
258 261 262 263 264 265 275 282 283 285 286 288 293 298 313 391 
278 294 300 318 326 329 333 341 348 351 357 362 367 
279 299 301 310 328 343 360 
287 345 
291 320 335 358 
295 306 
296 305 312 435 443 509 
297 309 317 319 339 359 370 384 410 
322 323 
324 378 
325 330 332 
338 463 469 
340 394 
347 363 
349 361 
350 419 421 428 430 434 453 508 
353 356 
365 395 457 
366 447 
371 450 
375 396 
377 380 
385 439 498 
387 408 
388 389 393 397 398 403 414 418 423 424 425 429 438 444 445 452 454 455 462 480 481 484 525 529 
402 404 422 431 449 473 486 
409 412 503 
411 456 
416 417 
433 468 475 489 500 505 
442 465 
448 451 
458 460 470 491 502 518 534 
459 551 
461 532 533 537 538 540 545 559 560 577 
464 493 511 516 522 531 
467 476 
471 546 
472 490 
478 510 514 
492 495 
496 506 523 527 536 
504 515 563 
526 528 
541 552 558 571 
544 553 
568 582 
601 605 
602 603 604 
