 0.0000E+00 1000  0  0  0  0  0  0  0  0  0  0 
 0.8919E+08 996  1  2  0  0  0  1  0  0  0  0 
 0.1505E+09 994  3  2  0  0  0  0  0  1  0  0 
 0.2159E+09 992  4  3  0  0  0  0  0  1  0  0 
 0.3117E+09 990  7  3  0  0  0  0  0  0  0  0 
 0.3653E+09 988  9  3  0  0  0  0  0  0  0  0 
 0.4699E+09 986  11  3  0  0  0  0  0  0  0  0 
 0.5078E+09 984  13  3  0  0  0  0  0  0  0  0 
 0.5666E+09 980  16  4  0  0  0  0  0  0  0  0 
 0.6147E+09 978  16  5  0  0  0  1  0  0  0  0 
 0.6526E+09 978  16  5  0  0  0  1  0  0  0  0 
 0.7029E+09 976  19  5  0  0  0  0  0  0  0  0 
 0.7657E+09 974  21  5  0  0  0  0  0  0  0  0 
 0.8182E+09 974  21  5  0  0  0  0  0  0  0  0 
 0.8927E+09 972  22  5  0  0  0  1  0  0  0  0 
 0.9354E+09 970  25  5  0  0  0  0  0  0  0  0 
 0.9882E+09 968  26  5  0  1  0  0  0  0  0  0 
 0.1027E+10 967  27  6  0  0  0  0  0  0  0  0 
 0.1045E+10 965  28  7  0  0  0  0  0  0  0  0 
 0.1088E+10 963  30  7  0  0  0  0  0  0  0  0 
 0.1162E+10 961  31  7  0  0  0  1  0  0  0  0 
 0.1228E+10 959  33  7  0  0  0  0  0  1  0  0 
 0.1287E+10 959  33  8  0  0  0  0  0  0  0  0 
 0.1354E+10 955  35  9  0  0  0  1  0  0  0  0 
 0.1431E+10 953  36  9  0  1  0  1  0  0  0  0 
 0.1493E+10 953  37  9  0  0  0  0  0  1  0  0 
 0.1567E+10 951  40  9  0  0  0  0  0  0  0  0 
 0.1607E+10 949  41  10  0  0  0  0  0  0  0  0 
 0.1664E+10 947  41  12  0  0  0  0  0  0  0  0 
 0.1717E+10 943  44  12  0  1  0  0  0  0  0  0 
 0.1774E+10 939  49  12  0  0  0  0  0  0  0  0 
 0.1807E+10 937  50  13  0  0  0  0  0  0  0  0 
 0.1872E+10 935  51  14  0  0  0  0  0  0  0  0 
 0.1898E+10 933  52  14  0  0  0  1  0  0  0  0 
 0.1991E+10 929  56  15  0  0  0  0  0  0  0  0 
 0.2082E+10 925  59  15  0  0  0  0  0  1  0  0 
 0.2155E+10 923  62  15  0  0  0  0  0  0  0  0 
 0.2216E+10 921  63  15  0  0  0  1  0  0  0  0 
 0.2307E+10 917  67  15  0  0  0  0  0  1  0  0 
 0.2355E+10 913  72  15  0  0  0  0  0  0  0  0 
 0.2460E+10 913  72  15  0  0  0  0  0  0  0  0 
 0.2531E+10 911  73  16  0  0  0  0  0  0  0  0 
 0.2644E+10 909  74  16  0  0  0  1  0  0  0  0 
 0.2716E+10 907  74  18  0  0  0  0  0  1  0  0 
 0.2851E+10 903  77  19  0  0  0  0  0  1  0  0 
 0.2924E+10 901  80  19  0  0  0  0  0  0  0  0 
 0.2980E+10 897  83  19  0  0  0  1  0  0  0  0 
 0.3048E+10 897  84  19  0  0  0  0  0  0  0  0 
 0.3108E+10 895  84  20  0  0  0  1  0  0  0  0 
 0.3141E+10 895  85  20  0  0  0  0  0  0  0  0 
 0.3185E+10 892  87  21  0  0  0  0  0  0  0  0 
 0.3256E+10 888  88  23  0  0  0  1  0  0  0  0 
 0.3280E+10 886  90  24  0  0  0  0  0  0  0  0 
 0.3326E+10 884  90  25  0  0  0  0  0  1  0  0 
 0.3373E+10 884  91  25  0  0  0  0  0  0  0  0 
 0.3437E+10 880  94  25  0  0  0  1  0  0  0  0 
 0.3503E+10 878  96  26  0  0  0  0  0  0  0  0 
 0.3517E+10 878  96  26  0  0  0  0  0  0  0  0 
 0.3616E+10 876  97  27  0  0  0  0  0  0  0  0 
 0.3704E+10 874  98  27  0  0  0  1  0  0  0  0 
 0.3797E+10 870  102  27  0  0  0  1  0  0  0  0 
 0.3869E+10 870  103  27  0  0  0  0  0  0  0  0 
 0.3962E+10 865  107  28  0  0  0  0  0  0  0  0 
 0.4014E+10 863  108  29  0  0  0  0  0  0  0  0 
 0.4062E+10 861  109  30  0  0  0  0  0  0  0  0 
 0.4111E+10 861  109  30  0  0  0  0  0  0  0  0 
 0.4154E+10 857  111  31  0  0  0  1  0  0  0  0 
 0.4182E+10 857  111  31  0  0  0  1  0  0  0  0 
 0.4229E+10 857  111  31  0  0  0  0  0  1  0  0 
 0.4252E+10 857  112  31  0  0  0  0  0  0  0  0 
 0.4308E+10 855  112  32  0  0  0  1  0  0  0  0 
 0.4358E+10 855  112  32  0  0  0  0  0  1  0  0 
 0.4393E+10 851  115  33  0  0  0  1  0  0  0  0 
 0.4440E+10 849  117  34  0  0  0  0  0  0  0  0 
 0.4488E+10 847  118  34  0  0  0  0  0  1  0  0 
 0.4578E+10 845  121  34  0  0  0  0  0  0  0  0 
 0.4624E+10 842  123  35  0  0  0  0  0  0  0  0 
 0.4685E+10 838  125  36  0  0  0  0  0  0  1  0 
 0.4715E+10 838  125  36  0  1  0  0  0  0  0  0 
 0.4828E+10 838  125  37  0  0  0  0  0  0  0  0 
 0.4878E+10 834  127  39  0  0  0  0  0  0  0  0 
 0.4956E+10 830  131  39  0  0  0  0  0  0  0  0 
 0.4986E+10 828  131  40  0  0  0  1  0  0  0  0 
 0.5080E+10 824  134  41  0  0  0  1  0  0  0  0 
 0.5161E+10 824  135  41  0  0  0  0  0  0  0  0 
 0.5223E+10 822  137  41  0  0  0  0  0  0  0  0 
 0.5264E+10 820  138  41  0  0  0  1  0  0  0  0 
 0.5315E+10 818  140  41  0  0  0  1  0  0  0  0 
 0.5368E+10 816  141  42  0  0  0  0  0  1  0  0 
 0.5456E+10 816  141  42  0  0  0  0  0  1  0  0 
 0.5518E+10 814  143  42  0  0  0  0  0  1  0  0 
 0.5558E+10 812  145  43  0  0  0  0  0  0  0  0 
 0.5629E+10 812  145  43  0  0  0  0  0  0  0  0 
 0.5698E+10 810  147  43  0  0  0  0  0  0  0  0 
 0.5724E+10 810  147  43  0  0  0  0  0  0  0  0 
 0.5809E+10 808  148  43  0  0  0  1  0  0  0  0 
 0.5894E+10 806  150  44  0  0  0  0  0  0  0  0 
 0.5944E+10 804  151  44  0  0  0  1  0  0  0  0 
 0.6024E+10 802  153  45  0  0  0  0  0  0  0  0 
 0.6149E+10 800  154  46  0  0  0  0  0  0  0  0 
 0.6196E+10 798  155  46  0  0  0  1  0  0  0  0 
 0.6321E+10 796  158  46  0  0  0  0  0  0  0  0 
 0.6392E+10 794  159  47  0  0  0  0  0  0  0  0 
 0.6536E+10 788  163  48  0  0  0  1  0  0  0  0 
 0.6567E+10 788  164  48  0  0  0  0  0  0  0  0 
 0.6624E+10 786  165  49  0  0  0  0  0  0  0  0 
 0.6658E+10 786  165  49  0  0  0  0  0  0  0  0 
 0.6738E+10 782  168  49  0  0  0  1  0  0  0  0 
 0.6834E+10 780  170  49  0  0  0  1  0  0  0  0 
 0.6983E+10 778  172  49  0  0  0  1  0  0  0  0 
 0.7114E+10 776  173  51  0  0  0  0  0  0  0  0 
 0.7192E+10 772  177  51  0  0  0  0  0  0  0  0 
 0.7327E+10 764  184  52  0  0  0  0  0  0  0  0 
 0.7481E+10 760  188  52  0  0  0  0  0  0  0  0 
 0.7520E+10 758  188  54  0  0  0  0  0  0  0  0 
 0.7560E+10 758  188  54  0  0  0  0  0  0  0  0 
 0.7628E+10 756  188  55  0  0  0  0  0  0  1  0 
 0.7723E+10 754  188  58  0  0  0  0  0  0  0  0 
 0.7806E+10 750  190  60  0  0  0  0  0  0  0  0 
 0.7846E+10 746  193  60  0  0  0  1  0  0  0  0 
 0.7953E+10 745  194  61  0  0  0  0  0  0  0  0 
 0.8087E+10 741  196  62  0  0  0  1  0  0  0  0 
 0.8195E+10 739  198  63  0  0  0  0  0  0  0  0 
 0.8231E+10 737  199  63  0  0  0  1  0  0  0  0 
 0.8379E+10 735  201  64  0  0  0  0  0  0  0  0 
 0.8419E+10 727  208  64  0  0  0  1  0  0  0  0 
 0.8493E+10 725  208  66  0  0  0  1  0  0  0  0 
 0.8566E+10 723  209  67  0  0  0  1  0  0  0  0 
 0.8594E+10 723  210  67  0  0  0  0  0  0  0  0 
 0.8642E+10 723  210  67  0  0  0  0  0  0  0  0 
 0.8666E+10 721  211  68  0  0  0  0  0  0  0  0 
 0.8709E+10 719  213  68  0  0  0  0  0  0  0  0 
 0.8830E+10 717  214  69  0  0  0  0  0  0  0  0 
 0.8945E+10 713  215  70  0  1  0  1  0  0  0  0 
 0.9018E+10 713  216  71  0  0  0  0  0  0  0  0 
 0.9104E+10 709  218  73  0  0  0  0  0  0  0  0 
 0.9170E+10 707  218  74  0  0  0  1  0  0  0  0 
 0.9226E+10 705  220  75  0  0  0  0  0  0  0  0 
 0.9366E+10 699  224  76  0  0  0  1  0  0  0  0 
 0.9441E+10 699  225  76  0  0  0  0  0  0  0  0 
 0.9532E+10 695  228  77  0  0  0  0  0  0  0  0 
 0.9607E+10 692  230  78  0  0  0  0  0  0  0  0 
 0.9776E+10 690  232  78  0  0  0  0  0  0  0  0 
 0.9804E+10 688  234  78  0  0  0  0  0  0  0  0 
 0.9894E+10 686  234  79  0  0  0  1  0  0  0  0 
 0.1002E+11 684  237  79  0  0  0  0  0  0  0  0 
 0.1012E+11 680  240  80  0  0  0  0  0  0  0  0 
 0.1020E+11 678  240  81  0  0  0  1  0  0  0  0 
 0.1025E+11 675  241  83  0  0  0  1  0  0  0  0 
 0.1030E+11 675  242  83  0  0  0  0  0  0  0  0 
 0.1034E+11 673  243  84  0  0  0  0  0  0  0  0 
 0.1044E+11 671  244  84  0  0  0  1  0  0  0  0 
 0.1054E+11 669  247  84  0  0  0  0  0  0  0  0 
 0.1062E+11 667  248  85  0  0  0  0  0  0  0  0 
 0.1070E+11 667  248  85  0  0  0  0  0  0  0  0 
 0.1078E+11 665  250  85  0  0  0  0  0  0  0  0 
 0.1097E+11 661  253  86  0  0  0  0  0  0  0  0 
 0.1102E+11 657  254  88  0  0  0  1  0  0  0  0 
 0.1112E+11 655  255  89  0  0  0  0  0  1  0  0 
 0.1121E+11 653  258  89  0  0  0  0  0  0  0  0 
 0.1128E+11 653  258  89  0  0  0  0  0  0  0  0 
 0.1132E+11 649  261  90  0  0  0  0  0  0  0  0 
 0.1139E+11 647  262  91  0  0  0  0  0  0  0  0 
 0.1148E+11 645  263  91  0  0  0  1  0  0  0  0 
 0.1155E+11 645  264  91  0  0  0  0  0  0  0  0 
 0.1169E+11 643  265  92  0  0  0  0  0  0  0  0 
 0.1178E+11 641  267  92  0  0  0  0  0  0  0  0 
 0.1186E+11 637  269  93  0  0  0  1  0  0  0  0 
 0.1193E+11 637  270  93  0  0  0  0  0  0  0  0 
 0.1202E+11 635  271  93  0  0  0  0  0  1  0  0 
 0.1210E+11 631  274  94  0  0  0  0  0  1  0  0 
 0.1219E+11 629  277  94  0  0  0  0  0  0  0  0 
 0.1226E+11 627  279  94  0  0  0  0  0  0  0  0 
 0.1239E+11 625  279  96  0  0  0  0  0  0  0  0 
 0.1251E+11 623  279  98  0  0  0  0  0  0  0  0 
 0.1258E+11 621  280  98  0  1  0  0  0  0  0  0 
 0.1274E+11 620  281  99  0  0  0  0  0  0  0  0 
 0.1286E+11 614  285  101  0  0  0  0  0  0  0  0 
 0.1296E+11 614  285  101  0  0  0  0  0  0  0  0 
 0.1309E+11 610  287  102  0  0  0  0  0  1  0  0 
 0.1320E+11 608  289  103  0  0  0  0  0  0  0  0 
 0.1332E+11 606  290  104  0  0  0  0  0  0  0  0 
 0.1338E+11 604  291  104  0  0  0  1  0  0  0  0 
 0.1345E+11 602  292  105  0  0  0  0  0  1  0  0 
 0.1351E+11 602  293  105  0  0  0  0  0  0  0  0 
 0.1356E+11 602  293  105  0  0  0  0  0  0  0  0 
 0.1366E+11 600  294  105  0  0  0  1  0  0  0  0 
 0.1369E+11 598  296  105  0  0  0  1  0  0  0  0 
 0.1377E+11 598  297  105  0  0  0  0  0  0  0  0 
 0.1382E+11 598  297  105  0  0  0  0  0  0  0  0 
 0.1394E+11 593  299  107  0  0  0  1  0  0  0  0 
 0.1396E+11 591  301  108  0  0  0  0  0  0  0  0 
 0.1406E+11 587  303  109  0  0  0  1  0  0  0  0 
 0.1411E+11 587  304  109  0  0  0  0  0  0  0  0 
 0.1422E+11 584  306  110  0  0  0  0  0  0  0  0 
 0.1437E+11 582  308  110  0  0  0  0  0  0  0  0 
 0.1445E+11 580  309  111  0  0  0  0  0  0  0  0 
 0.1451E+11 580  309  111  0  0  0  0  0  0  0  0 
 0.1457E+11 576  312  111  0  0  0  1  0  0  0  0 
 0.1463E+11 574  314  111  0  0  0  1  0  0  0  0 
 0.1472E+11 572  316  111  0  1  0  0  0  0  0  0 
 0.1488E+11 570  318  111  0  0  0  1  0  0  0  0 
 0.1494E+11 567  321  112  0  0  0  0  0  0  0  0 
 0.1508E+11 565  323  112  0  0  0  0  0  0  0  0 
 0.1524E+11 561  326  113  0  0  0  0  0  0  0  0 
 0.1534E+11 557  327  115  0  1  0  0  0  0  0  0 
 0.1539E+11 553  331  116  0  0  0  0  0  0  0  0 
 0.1558E+11 551  332  116  0  0  0  1  0  0  0  0 
 0.1567E+11 549  332  119  0  0  0  0  0  0  0  0 
 0.1577E+11 545  334  121  0  0  0  0  0  0  0  0 
 0.1586E+11 543  336  121  0  0  0  0  0  0  0  0 
 0.1592E+11 539  337  123  0  1  0  0  0  0  0  0 
 0.1599E+11 539  338  123  0  0  0  0  0  0  0  0 
 0.1608E+11 537  339  123  0  0  0  0  0  1  0  0 
 0.1619E+11 535  341  123  0  0  0  1  0  0  0  0 
 0.1622E+11 533  343  123  0  0  0  1  0  0  0  0 
 0.1635E+11 531  345  124  0  0  0  0  0  0  0  0 
 0.1652E+11 527  348  124  0  0  0  0  0  1  0  0 
 0.1659E+11 527  348  124  0  0  0  1  0  0  0  0 
 0.1671E+11 525  350  125  0  0  0  0  0  0  0  0 
 0.1693E+11 523  351  125  0  0  0  0  0  1  0  0 
 0.1702E+11 521  353  125  0  0  0  0  0  1  0  0 
 0.1708E+11 517  355  128  0  0  0  0  0  0  0  0 
 0.1725E+11 515  356  128  0  0  0  1  0  0  0  0 
 0.1732E+11 513  358  129  0  0  0  0  0  0  0  0 
 0.1752E+11 508  362  130  0  0  0  0  0  0  0  0 
 0.1766E+11 506  363  131  0  0  0  0  0  0  0  0 
 0.1777E+11 506  363  131  0  0  0  0  0  0  0  0 
 0.1803E+11 506  363  131  0  0  0  0  0  0  0  0 
 0.1813E+11 506  363  131  0  0  0  0  0  0  0  0 
 0.1819E+11 504  365  131  0  0  0  0  0  0  0  0 
 0.1828E+11 502  366  132  0  0  0  0  0  0  0  0 
 0.1836E+11 498  368  134  0  0  0  0  0  0  0  0 
 0.1844E+11 496  370  134  0  0  0  0  0  0  0  0 
 0.1861E+11 492  372  135  0  0  0  0  0  1  0  0 
 0.1874E+11 490  374  136  0  0  0  0  0  0  0  0 
 0.1887E+11 488  375  136  0  0  0  1  0  0  0  0 
 0.1902E+11 482  381  137  0  0  0  0  0  0  0  0 
 0.1914E+11 479  382  138  0  0  0  0  0  1  0  0 
 0.1921E+11 479  383  138  0  0  0  0  0  0  0  0 
 0.1931E+11 477  383  139  0  0  0  0  0  1  0  0 
 0.1944E+11 475  385  139  0  0  0  0  0  1  0  0 
 0.1963E+11 473  387  140  0  0  0  0  0  0  0  0 
 0.1980E+11 469  391  140  0  0  0  0  0  0  0  0 
 0.1992E+11 467  392  141  0  0  0  0  0  0  0  0 
 0.2001E+11 463  395  142  0  0  0  0  0  0  0  0 
 0.2009E+11 461  397  142  0  0  0  0  0  0  0  0 
 0.2024E+11 459  398  142  0  0  0  0  0  1  0  0 
 0.2036E+11 457  398  144  0  0  0  1  0  0  0  0 
 0.2042E+11 455  400  144  0  0  0  0  0  1  0  0 
 0.2060E+11 453  402  144  0  0  0  1  0  0  0  0 
 0.2076E+11 453  402  145  0  0  0  0  0  0  0  0 
 0.2083E+11 451  402  146  0  0  0  1  0  0  0  0 
 0.2094E+11 449  404  146  0  0  0  1  0  0  0  0 
 0.2103E+11 447  406  146  0  0  0  1  0  0  0  0 
 0.2115E+11 445  407  148  0  0  0  0  0  0  0  0 
 0.2142E+11 443  409  148  0  0  0  0  0  0  0  0 
 0.2148E+11 441  411  148  0  0  0  0  0  0  0  0 
 0.2158E+11 439  412  148  0  0  0  0  0  1  0  0 
 0.2170E+11 439  412  149  0  0  0  0  0  0  0  0 
 0.2187E+11 437  414  149  0  0  0  0  0  0  0  0 
 0.2204E+11 437  414  149  0  0  0  0  0  0  0  0 
 0.2225E+11 435  414  150  0  0  0  0  0  1  0  0 
 0.2240E+11 435  415  150  0  0  0  0  0  0  0  0 
 0.2253E+11 433  417  150  0  0  0  0  0  0  0  0 
 0.2263E+11 431  418  150  0  0  0  1  0  0  0  0 
 0.2273E+11 429  419  152  0  0  0  0  0  0  0  0 
 0.2298E+11 425  421  153  0  0  0  1  0  0  0  0 
 0.2308E+11 425  421  153  0  0  0  1  0  0  0  0 
 0.2317E+11 423  424  153  0  0  0  0  0  0  0  0 
 0.2347E+11 417  427  155  0  0  0  1  0  0  0  0 
 0.2366E+11 417  428  155  0  0  0  0  0  0  0  0 
 0.2390E+11 413  430  156  0  1  0  0  0  0  0  0 
 0.2402E+11 408  433  159  0  0  0  0  0  0  0  0 
 0.2421E+11 406  433  160  0  0  0  1  0  0  0  0 
 0.2440E+11 404  434  161  0  0  0  0  0  1  0  0 
 0.2448E+11 402  434  164  0  0  0  0  0  0  0  0 
 0.2463E+11 397  435  167  0  0  0  0  0  1  0  0 
 0.2474E+11 397  436  167  0  0  0  0  0  0  0  0 
 0.2497E+11 392  439  168  1  0  0  0  0  0  0  0 
 0.2508E+11 391  439  169  0  1  0  0  0  0  0  0 
 0.2531E+11 390  439  170  0  0  0  1  0  0  0  0 
 0.2566E+11 390  439  170  0  0  0  1  0  0  0  0 
 0.2583E+11 387  441  171  0  0  0  1  0  0  0  0 
 0.2599E+11 387  442  171  0  0  0  0  0  0  0  0 
 0.2604E+11 387  442  171  0  0  0  0  0  0  0  0 
 0.2619E+11 383  446  171  0  0  0  0  0  0  0  0 
 0.2632E+11 381  447  171  0  0  0  1  0  0  0  0 
 0.2657E+11 381  447  172  0  0  0  0  0  0  0  0 
 0.2670E+11 379  449  172  0  0  0  0  0  0  0  0 
 0.2698E+11 375  452  172  0  0  0  0  0  1  0  0 
 0.2704E+11 373  452  174  0  0  0  1  0  0  0  0 
 0.2725E+11 371  454  174  0  0  0  1  0  0  0  0 
 0.2739E+11 369  456  175  0  0  0  0  0  0  0  0 
 0.2759E+11 369  456  175  0  0  0  0  0  0  0  0 
 0.2777E+11 365  456  178  0  0  0  1  0  0  0  0 
 0.2798E+11 361  459  179  0  0  0  0  0  1  0  0 
 0.2825E+11 359  462  179  0  0  0  0  0  0  0  0 
 0.2836E+11 355  465  180  0  0  0  0  0  0  0  0 
 0.2851E+11 353  466  181  0  0  0  0  0  0  0  0 
 0.2867E+11 353  466  181  0  0  0  0  0  0  0  0 
 0.2889E+11 353  466  181  0  0  0  0  0  0  0  0 
 0.2908E+11 349  469  182  0  0  0  0  0  0  0  0 
 0.2934E+11 345  472  183  0  0  0  0  0  0  0  0 
 0.2948E+11 345  472  183  0  0  0  0  0  0  0  0 
 0.2960E+11 341  474  184  0  1  0  0  0  0  0  0 
 0.2967E+11 339  476  185  0  0  0  0  0  0  0  0 
 0.2977E+11 335  478  187  0  0  0  0  0  0  0  0 
 0.3004E+11 335  478  187  0  0  0  0  0  0  0  0 
 0.3012E+11 333  479  188  0  0  0  0  0  0  0  0 
 0.3029E+11 329  482  189  0  0  0  0  0  0  0  0 
 0.3040E+11 327  483  190  0  0  0  0  0  0  0  0 
 0.3054E+11 327  483  190  0  0  0  0  0  0  0  0 
 0.3080E+11 324  485  191  0  0  0  0  0  0  0  0 
 0.3101E+11 318  489  193  0  0  0  0  0  0  0  0 
 0.3115E+11 316  490  193  0  0  0  1  0  0  0  0 
 0.3132E+11 314  493  193  0  0  0  0  0  0  0  0 
 0.3164E+11 310  496  193  0  0  0  1  0  0  0  0 
 0.3187E+11 306  499  195  0  0  0  0  0  0  0  0 
 0.3203E+11 304  500  195  0  0  0  1  0  0  0  0 
 0.3216E+11 301  502  197  0  0  0  0  0  0  0  0 
 0.3232E+11 297  504  199  0  0  0  0  0  0  0  0 
 0.3258E+11 295  505  199  0  0  0  1  0  0  0  0 
 0.3278E+11 295  505  200  0  0  0  0  0  0  0  0 
 0.3302E+11 289  509  201  0  0  0  1  0  0  0  0 
 0.3315E+11 287  509  203  0  0  0  1  0  0  0  0 
 0.3330E+11 285  511  204  0  0  0  0  0  0  0  0 
 0.3348E+11 279  515  206  0  0  0  0  0  0  0  0 
 0.3370E+11 277  516  207  0  0  0  0  0  0  0  0 
 0.3416E+11 271  520  208  0  0  0  1  0  0  0  0 
 0.3431E+11 271  521  208  0  0  0  0  0  0  0  0 
 0.3449E+11 269  522  208  0  0  0  0  0  1  0  0 
 0.3466E+11 267  525  208  0  0  0  0  0  0  0  0 
 0.3487E+11 265  525  209  0  0  0  0  0  1  0  0 
 0.3503E+11 265  525  210  0  0  0  0  0  0  0  0 
 0.3523E+11 263  525  211  0  0  0  0  0  1  0  0 
 0.3548E+11 261  527  211  0  0  0  1  0  0  0  0 
 0.3578E+11 261  527  212  0  0  0  0  0  0  0  0 
 0.3604E+11 259  527  214  0  0  0  0  0  0  0  0 
 0.3623E+11 255  530  215  0  0  0  0  0  0  0  0 
 0.3638E+11 253  532  215  0  0  0  0  0  0  0  0 
 0.3663E+11 249  532  219  0  0  0  0  0  0  0  0 
 0.3674E+11 249  532  219  0  0  0  0  0  0  0  0 
 0.3709E+11 247  533  220  0  0  0  0  0  0  0  0 
 0.3740E+11 245  534  221  0  0  0  0  0  0  0  0 
 0.3756E+11 243  535  221  0  0  0  1  0  0  0  0 
 0.3785E+11 243  536  221  0  0  0  0  0  0  0  0 
 0.3804E+11 241  538  221  0  0  0  0  0  0  0  0 
 0.3837E+11 237  540  222  0  0  0  1  0  0  0  0 
 0.3869E+11 237  540  223  0  0  0  0  0  0  0  0 
 0.3904E+11 235  542  223  0  0  0  0  0  0  0  0 
 0.3916E+11 233  543  224  0  0  0  0  0  0  0  0 
 0.3930E+11 233  543  224  0  0  0  0  0  0  0  0 
 0.3954E+11 231  544  225  0  0  0  0  0  0  0  0 
 0.3989E+11 227  546  227  0  0  0  0  0  0  0  0 
 0.4048E+11 223  549  227  0  0  0  1  0  0  0  0 
 0.4076E+11 221  550  228  0  0  0  1  0  0  0  0 
 0.4108E+11 219  551  229  0  0  0  1  0  0  0  0 
 0.4147E+11 219  551  229  0  0  0  1  0  0  0  0 
 0.4155E+11 219  552  229  0  0  0  0  0  0  0  0 
 0.4216E+11 217  553  230  0  0  0  0  0  0  0  0 
 0.4239E+11 215  555  230  0  0  0  0  0  0  0  0 
 0.4279E+11 211  559  230  0  0  0  0  0  0  0  0 
 0.4332E+11 209  560  230  0  0  0  1  0  0  0  0 
 0.4357E+11 209  560  230  0  0  0  1  0  0  0  0 
 0.4391E+11 209  561  230  0  0  0  0  0  0  0  0 
 0.4404E+11 205  563  231  0  0  0  0  0  1  0  0 
 0.4428E+11 205  563  231  0  0  0  1  0  0  0  0 
 0.4449E+11 205  564  231  0  0  0  0  0  0  0  0 
 0.4462E+11 205  564  231  0  0  0  0  0  0  0  0 
 0.4496E+11 201  567  231  0  0  0  0  0  0  1  0 
 0.4496E+11 201  567  231  0  0  0  0  0  0  0  1 
 0.4496E+11 201  567  231  0  0  0  0  0  0  0  1 
 0.4496E+11 201  567  231  0  0  0  0  0  0  0  1 
 0.4496E+11 201  567  231  0  0  0  0  0  0  0  1 
 0.4496E+11 201  567  231  0  0  0  0  0  0  0  1 
 0.4496E+11 201  567  231  0  0  0  0  0  0  0  1 
 0.4496E+11 201  567  231  0  0  0  0  0  0  0  1 
 0.4496E+11 201  567  231  0  0  0  0  0  0  0  1 
 0.4496E+11 201  567  231  0  0  0  0  0  0  0  1 
 0.4496E+11 201  567  231  0  0  0  0  0  0  0  1 
 0.4496E+11 201  567  231  0  0  0  0  0  0  0  1 
 0.4496E+11 201  567  231  0  0  0  0  0  0  0  1 
 0.4496E+11 201  567  231  0  0  0  0  0  0  0  1 
 0.4496E+11 201  567  231  0  0  0  0  0  0  0  1 
 0.4496E+11 201  567  231  0  0  0  0  0  0  0  1 
 0.4496E+11 201  567  231  0  0  0  0  0  0  0  1 
 0.4496E+11 201  567  231  0  0  0  0  0  0  0  1 
 0.4496E+11 201  567  231  0  0  0  0  0  0  0  1 
 0.4496E+11 201  567  231  0  0  0  0  0  0  0  1 
 0.4496E+11 201  567  231  0  0  0  0  0  0  0  1 
 0.4496E+11 201  567  231  0  0  0  0  0  0  0  1 
 0.4496E+11 201  567  231  0  0  0  0  0  0  0  1 
 0.4496E+11 201  567  231  0  0  0  0  0  0  0  1 
 0.4496E+11 201  567  231  0  0  0  0  0  0  0  1 
 0.4496E+11 201  567  231  0  0  0  0  0  0  0  1 
 0.4496E+11 201  567  231  0  0  0  0  0  0  0  1 
 0.4496E+11 201  567  231  0  0  0  0  0  0  0  1 
 0.4496E+11 201  567  231  0  0  0  0  0  0  0  1 
 0.4496E+11 201  567  231  0  0  0  0  0  0  0  1 
 0.4496E+11 201  567  231  0  0  0  0  0  0  0  1 
 0.4496E+11 201  567  231  0  0  0  0  0  0  0  1 
 0.4496E+11 201  567  231  0  0  0  0  0  0  0  1 
 0.4496E+11 201  567  231  0  0  0  0  0  0  0  1 
 0.4496E+11 201  567  231  0  0  0  0  0  0  0  1 
 0.4496E+11 201  567  231  0  0  0  0  0  0  0  1 
 0.4496E+11 201  567  231  0  0  0  0  0  0  0  1 
 0.4496E+11 201  567  231  0  0  0  0  0  0  0  1 
 0.4496E+11 201  567  231  0  0  0  0  0  0  0  1 
 0.4496E+11 201  567  231  0  0  0  0  0  0  0  1 
 0.4496E+11 201  567  231  0  0  0  0  0  0  0  1 
 0.4496E+11 201  567  231  0  0  0  0  0  0  0  1 
 0.4496E+11 201  567  231  0  0  0  0  0  0  0  1 
 0.4496E+11 201  567  231  0  0  0  0  0  0  0  1 
 0.4496E+11 201  567  231  0  0  0  0  0  0  0  1 
 0.4496E+11 201  567  231  0  0  0  0  0  0  0  1 
 0.4496E+11 201  567  231  0  0  0  0  0  0  0  1 
 0.4496E+11 201  567  231  0  0  0  0  0  0  0  1 
 0.4496E+11 201  567  231  0  0  0  0  0  0  0  1 
 0.4496E+11 201  567  231  0  0  0  0  0  0  0  1 
 0.4496E+11 201  567  231  0  0  0  0  0  0  0  1 
 0.4496E+11 201  567  231  0  0  0  0  0  0  0  1 
 0.4496E+11 201  567  231  0  0  0  0  0  0  0  1 
 0.4496E+11 201  567  231  0  0  0  0  0  0  0  1 
 0.4496E+11 201  567  231  0  0  0  0  0  0  0  1 
 0.4496E+11 201  567  231  0  0  0  0  0  0  0  1 
 0.4496E+11 201  567  231  0  0  0  0  0  0  0  1 
 0.4496E+11 201  567  231  0  0  0  0  0  0  0  1 
 0.4496E+11 201  567  231  0  0  0  0  0  0  0  1 
 0.4496E+11 201  567  231  0  0  0  0  0  0  0  1 
 0.4496E+11 201  567  231  0  0  0  0  0  0  0  1 
 0.4496E+11 201  567  231  0  0  0  0  0  0  0  1 
 0.4496E+11 201  567  231  0  0  0  0  0  0  0  1 
 0.4496E+11 201  567  231  0  0  0  0  0  0  0  1 
 0.4496E+11 201  567  231  0  0  0  0  0  0  0  1 
 0.4496E+11 201  567  231  0  0  0  0  0  0  0  1 
 0.4496E+11 201  567  231  0  0  0  0  0  0  0  1 
 0.4496E+11 201  567  231  0  0  0  0  0  0  0  1 
 0.4496E+11 201  567  231  0  0  0  0  0  0  0  1 
 0.4496E+11 201  567  231  0  0  0  0  0  0  0  1 
 0.4496E+11 201  567  231  0  0  0  0  0  0  0  1 
 0.4496E+11 201  567  231  0  0  0  0  0  0  0  1 
 0.4497E+11 201  567  231  0  0  0  0  0  0  0  1 
 0.4497E+11 201  567  231  0  0  0  0  0  0  0  1 
 0.4497E+11 201  567  231  0  0  0  0  0  0  0  1 
 0.4497E+11 201  567  231  0  0  0  0  0  0  0  1 
 0.4497E+11 201  567  231  0  0  0  0  0  0  0  1 
 0.4497E+11 201  567  231  0  0  0  0  0  0  0  1 
 0.4497E+11 201  567  231  0  0  0  0  0  0  0  1 
 0.4497E+11 201  567  231  0  0  0  0  0  0  0  1 
 0.4497E+11 201  567  231  0  0  0  0  0  0  0  1 
 0.4497E+11 201  567  231  0  0  0  0  0  0  0  1 
 0.4497E+11 201  567  231  0  0  0  0  0  0  0  1 
 0.4497E+11 201  567  231  0  0  0  0  0  0  0  1 
 0.4497E+11 201  567  231  0  0  0  0  0  0  0  1 
 0.4497E+11 201  567  231  0  0  0  0  0  0  0  1 
 0.4497E+11 201  567  231  0  0  0  0  0  0  0  1 
 0.4497E+11 201  567  231  0  0  0  0  0  0  0  1 
 0.4497E+11 201  567  231  0  0  0  0  0  0  0  1 
 0.4497E+11 201  567  231  0  0  0  0  0  0  0  1 
 0.4497E+11 201  567  231  0  0  0  0  0  0  0  1 
 0.4497E+11 201  567  231  0  0  0  0  0  0  0  1 
 0.4497E+11 201  567  231  0  0  0  0  0  0  0  1 
 0.4497E+11 201  567  231  0  0  0  0  0  0  0  1 
 0.4497E+11 201  567  231  0  0  0  0  0  0  0  1 
 0.4497E+11 201  567  231  0  0  0  0  0  0  0  1 
 0.4497E+11 201  567  231  0  0  0  0  0  0  0  1 
 0.4497E+11 201  567  231  0  0  0  0  0  0  0  1 
 0.4497E+11 201  567  231  0  0  0  0  0  0  0  1 
 0.4497E+11 201  567  231  0  0  0  0  0  0  0  1 
 0.4497E+11 201  567  231  0  0  0  0  0  0  0  1 
 0.4497E+11 201  567  231  0  0  0  0  0  0  0  1 
 0.4497E+11 201  567  231  0  0  0  0  0  0  0  1 
 0.4497E+11 201  567  231  0  0  0  0  0  0  0  1 
 0.4497E+11 201  567  231  0  0  0  0  0  0  0  1 
 0.4497E+11 201  567  231  0  0  0  0  0  0  0  1 
 0.4497E+11 201  567  231  0  0  0  0  0  0  0  1 
 0.4497E+11 201  567  231  0  0  0  0  0  0  0  1 
 0.4497E+11 201  567  231  0  0  0  0  0  0  0  1 
 0.4497E+11 201  567  231  0  0  0  0  0  0  0  1 
 0.4497E+11 201  567  231  0  0  0  0  0  0  0  1 
 0.4497E+11 201  567  231  0  0  0  0  0  0  0  1 
 0.4497E+11 201  567  231  0  0  0  0  0  0  0  1 
 0.4497E+11 201  567  231  0  0  0  0  0  0  0  1 
 0.4497E+11 201  567  231  0  0  0  0  0  0  0  1 
 0.4497E+11 201  567  231  0  0  0  0  0  0  0  1 
 0.4497E+11 201  567  231  0  0  0  0  0  0  0  1 
 0.4497E+11 201  567  231  0  0  0  0  0  0  0  1 
 0.4497E+11 201  567  231  0  0  0  0  0  0  0  1 
 0.4497E+11 201  567  231  0  0  0  0  0  0  0  1 
 0.4497E+11 201  567  231  0  0  0  0  0  0  0  1 
 0.4497E+11 201  567  231  0  0  0  0  0  0  0  1 
 0.4497E+11 201  567  231  0  0  0  0  0  0  0  1 
 0.4497E+11 201  567  231  0  0  0  0  0  0  0  1 
 0.4497E+11 201  567  231  0  0  0  0  0  0  0  1 
 0.4497E+11 200  567  232  0  0  0  0  1  0  0  0 
 0.4497E+11 200  567  232  0  0  0  0  1  0  0  0 
 0.4497E+11 200  567  232  0  0  0  0  1  0  0  0 
 0.4497E+11 200  567  232  0  0  0  0  1  0  0  0 
 0.4497E+11 200  567  232  0  0  0  0  1  0  0  0 
 0.4497E+11 200  567  232  0  0  0  0  1  0  0  0 
 0.4497E+11 200  567  232  0  0  0  0  1  0  0  0 
 0.4497E+11 200  567  232  0  0  0  0  1  0  0  0 
 0.4497E+11 200  567  232  0  0  0  0  1  0  0  0 
 0.4497E+11 200  567  232  0  0  0  0  1  0  0  0 
 0.4497E+11 200  567  232  0  0  0  0  1  0  0  0 
 0.4497E+11 200  567  232  0  0  0  0  1  0  0  0 
 0.4497E+11 200  567  232  0  0  0  0  1  0  0  0 
 0.4497E+11 200  567  232  0  0  0  0  1  0  0  0 
 0.4497E+11 200  567  232  0  0  0  0  1  0  0  0 
 0.4497E+11 200  567  232  0  0  0  0  1  0  0  0 
 0.4497E+11 200  567  232  0  0  0  0  1  0  0  0 
 0.4497E+11 200  567  232  0  0  0  0  1  0  0  0 
 0.4497E+11 200  567  232  0  0  0  0  1  0  0  0 
 0.4497E+11 200  567  232  0  0  0  0  1  0  0  0 
 0.4498E+11 200  567  232  0  0  0  0  1  0  0  0 
 0.4498E+11 200  567  232  0  0  0  0  1  0  0  0 
 0.4498E+11 200  567  232  0  0  0  0  1  0  0  0 
 0.4498E+11 200  567  232  0  0  0  0  1  0  0  0 
 0.4498E+11 200  567  232  0  0  0  0  1  0  0  0 
 0.4498E+11 200  567  232  0  0  0  0  1  0  0  0 
 0.4498E+11 200  567  232  0  0  0  0  1  0  0  0 
 0.4498E+11 200  567  232  0  0  0  0  1  0  0  0 
 0.4498E+11 200  567  232  0  0  0  0  1  0  0  0 
 0.4498E+11 200  567  232  0  0  0  0  1  0  0  0 
 0.4498E+11 200  567  232  0  0  0  0  1  0  0  0 
 0.4498E+11 200  567  232  0  0  0  0  1  0  0  0 
 0.4498E+11 200  567  232  0  0  0  0  1  0  0  0 
 0.4498E+11 200  567  232  0  0  0  0  1  0  0  0 
 0.4498E+11 200  567  232  0  0  0  0  1  0  0  0 
 0.4498E+11 200  567  232  0  0  0  0  1  0  0  0 
 0.4498E+11 200  567  232  0  0  0  0  1  0  0  0 
 0.4498E+11 200  567  232  0  0  0  0  1  0  0  0 
 0.4498E+11 200  567  232  0  0  0  0  1  0  0  0 
 0.4498E+11 200  567  232  0  0  0  0  1  0  0  0 
 0.4498E+11 200  567  232  0  0  0  0  1  0  0  0 
 0.4498E+11 200  567  232  0  0  0  0  1  0  0  0 
 0.4498E+11 200  567  232  0  0  0  0  1  0  0  0 
 0.4498E+11 200  567  232  0  0  0  0  1  0  0  0 
 0.4498E+11 200  567  232  0  0  0  0  1  0  0  0 
 0.4498E+11 200  567  232  0  0  0  0  1  0  0  0 
 0.4498E+11 200  567  232  0  0  0  0  1  0  0  0 
 0.4498E+11 200  567  232  0  0  0  0  1  0  0  0 
 0.4498E+11 200  567  232  0  0  0  0  1  0  0  0 
 0.4498E+11 200  567  232  0  0  0  0  1  0  0  0 
 0.4498E+11 200  567  232  0  0  0  0  1  0  0  0 
 0.4498E+11 200  567  232  0  0  0  0  1  0  0  0 
 0.4498E+11 200  567  232  0  0  0  0  1  0  0  0 
 0.4498E+11 200  567  232  0  0  0  0  1  0  0  0 
 0.4498E+11 200  567  232  0  0  0  0  1  0  0  0 
 0.4498E+11 200  567  232  0  0  0  0  1  0  0  0 
 0.4498E+11 200  567  232  0  0  0  0  1  0  0  0 
 0.4498E+11 200  567  232  0  0  0  0  1  0  0  0 
 0.4498E+11 200  567  232  0  0  0  0  1  0  0  0 
 0.4498E+11 200  567  232  0  0  0  0  1  0  0  0 
 0.4498E+11 200  567  232  0  0  0  0  1  0  0  0 
 0.4498E+11 200  567  232  0  0  0  0  1  0  0  0 
 0.4498E+11 200  567  232  0  0  0  0  1  0  0  0 
 0.4498E+11 200  567  232  0  0  0  0  1  0  0  0 
 0.4498E+11 200  567  232  0  0  0  0  1  0  0  0 
 0.4498E+11 200  567  232  0  0  0  0  1  0  0  0 
 0.4498E+11 200  567  232  0  0  0  0  1  0  0  0 
 0.4498E+11 200  567  232  0  0  0  0  1  0  0  0 
 0.4498E+11 200  567  232  0  0  0  0  1  0  0  0 
 0.4498E+11 200  567  232  0  0  0  0  1  0  0  0 
 0.4498E+11 200  567  232  0  0  0  0  1  0  0  0 
 0.4498E+11 200  567  232  0  0  0  0  1  0  0  0 
 0.4498E+11 200  567  232  0  0  0  0  1  0  0  0 
 0.4498E+11 200  567  232  0  0  0  0  1  0  0  0 
 0.4498E+11 200  567  232  0  0  0  0  1  0  0  0 
 0.4498E+11 200  567  232  0  0  0  0  1  0  0  0 
 0.4498E+11 200  567  232  0  0  0  0  1  0  0  0 
 0.4498E+11 200  567  232  0  0  0  0  1  0  0  0 
 0.4498E+11 200  567  232  0  0  0  0  1  0  0  0 
 0.4498E+11 200  567  232  0  0  0  0  1  0  0  0 
 0.4498E+11 200  567  232  0  0  0  0  1  0  0  0 
 0.4498E+11 200  567  232  0  0  0  0  1  0  0  0 
 0.4498E+11 200  567  232  0  0  0  0  1  0  0  0 
 0.4498E+11 200  567  232  0  0  0  0  1  0  0  0 
 0.4498E+11 200  567  232  0  0  0  0  1  0  0  0 
 0.4498E+11 200  567  232  0  0  0  0  1  0  0  0 
 0.4498E+11 200  567  232  0  0  0  0  1  0  0  0 
 0.4498E+11 200  567  232  0  0  0  0  1  0  0  0 
 0.4498E+11 200  567  232  0  0  0  0  1  0  0  0 
 0.4498E+11 200  567  232  0  0  0  0  1  0  0  0 
 0.4498E+11 200  567  232  0  0  0  0  1  0  0  0 
 0.4498E+11 200  567  232  0  0  0  0  1  0  0  0 
 0.4498E+11 200  567  232  0  0  0  0  1  0  0  0 
 0.4498E+11 200  567  232  0  0  0  0  1  0  0  0 
 0.4498E+11 200  567  232  0  0  0  0  1  0  0  0 
 0.4498E+11 200  567  232  0  0  0  0  1  0  0  0 
 0.4498E+11 200  567  232  0  0  0  0  1  0  0  0 
 0.4498E+11 200  567  232  0  0  0  0  1  0  0  0 
 0.4498E+11 200  567  232  0  0  0  0  1  0  0  0 
 0.4498E+11 200  567  232  0  0  0  0  1  0  0  0 
 0.4498E+11 200  567  232  0  0  0  0  1  0  0  0 
 0.4499E+11 200  567  232  0  0  0  0  1  0  0  0 
 0.4499E+11 200  567  232  0  0  0  0  1  0  0  0 
 0.4499E+11 200  567  232  0  0  0  0  1  0  0  0 
 0.4499E+11 200  567  232  0  0  0  0  1  0  0  0 
 0.4499E+11 200  567  232  0  0  0  0  1  0  0  0 
 0.4499E+11 200  567  232  0  0  0  0  1  0  0  0 
 0.4499E+11 200  567  232  0  0  0  0  1  0  0  0 
 0.4499E+11 200  567  232  0  0  0  0  1  0  0  0 
 0.4499E+11 200  567  232  0  0  0  0  1  0  0  0 
 0.4499E+11 200  567  232  0  0  0  0  1  0  0  0 
 0.4499E+11 200  567  232  0  0  0  0  1  0  0  0 
 0.4499E+11 200  567  232  0  0  0  0  1  0  0  0 
 0.4499E+11 200  567  232  0  0  0  0  1  0  0  0 
 0.4499E+11 200  567  232  0  0  0  0  1  0  0  0 
 0.4499E+11 200  567  232  0  0  0  0  1  0  0  0 
 0.4499E+11 200  567  232  0  0  0  0  1  0  0  0 
 0.4499E+11 200  567  232  0  0  0  0  1  0  0  0 
 0.4499E+11 200  567  232  0  0  0  0  1  0  0  0 
 0.4499E+11 200  567  232  0  0  0  0  1  0  0  0 
 0.4499E+11 200  567  232  0  0  0  0  1  0  0  0 
 0.4499E+11 200  567  232  0  0  0  0  1  0  0  0 
 0.4499E+11 200  567  232  0  0  0  0  1  0  0  0 
 0.4499E+11 200  567  232  0  0  0  0  1  0  0  0 
 0.4499E+11 200  567  232  0  0  0  0  1  0  0  0 
 0.4499E+11 200  567  232  0  0  0  0  1  0  0  0 
 0.4499E+11 200  567  232  0  0  0  0  1  0  0  0 
 0.4499E+11 200  567  232  0  0  0  0  1  0  0  0 
 0.4499E+11 200  567  232  0  0  0  0  1  0  0  0 
 0.4499E+11 200  567  232  0  0  0  0  1  0  0  0 
 0.4499E+11 200  567  232  0  0  0  0  1  0  0  0 
 0.4499E+11 200  567  232  0  0  0  0  1  0  0  0 
 0.4499E+11 200  567  232  0  0  0  0  1  0  0  0 
 0.4499E+11 200  567  232  0  0  1  0  0  0  0  0 
 0.4515E+11 199  568  233  0  0  0  0  0  0  0  0 
 0.4527E+11 197  569  234  0  0  0  0  0  0  0  0 
 0.4562E+11 194  570  235  0  0  0  0  0  1  0  0 
 0.4577E+11 192  572  235  0  0  0  1  0  0  0  0 
 0.4615E+11 190  575  235  0  0  0  0  0  0  0  0 
 0.4650E+11 186  577  236  0  0  0  1  0  0  0  0 
 0.4677E+11 186  578  236  0  0  0  0  0  0  0  0 
 0.4725E+11 180  582  237  0  0  0  1  0  0  0  0 
 0.4739E+11 178  585  237  0  0  0  0  0  0  0  0 
 0.4754E+11 176  586  237  0  0  0  0  0  1  0  0 
 0.4806E+11 172  589  238  0  0  0  1  0  0  0  0 
 0.4843E+11 172  589  238  0  0  0  1  0  0  0  0 
 0.4863E+11 172  589  238  0  0  0  0  0  1  0  0 
 0.4894E+11 172  590  238  0  0  0  0  0  0  0  0 
 0.4935E+11 170  592  238  0  0  0  0  0  0  0  0 
 0.4962E+11 168  593  238  0  0  0  1  0  0  0  0 
 0.5025E+11 166  594  240  0  0  0  0  0  0  0  0 
 0.5052E+11 164  594  241  0  0  0  1  0  0  0  0 
 0.5062E+11 164  594  242  0  0  0  0  0  0  0  0 
 0.5117E+11 162  595  243  0  0  0  0  0  0  0  0 
 0.5156E+11 160  597  243  0  0  0  0  0  0  0  0 
 0.5189E+11 158  599  243  0  0  0  0  0  0  0  0 
 0.5218E+11 152  604  244  0  0  0  0  0  0  0  0 
 0.5252E+11 150  605  244  0  0  0  1  0  0  0  0 
 0.5297E+11 148  607  244  0  0  0  1  0  0  0  0 
 0.5344E+11 146  610  244  0  0  0  0  0  0  0  0 
 0.5417E+11 139  615  245  0  0  0  1  0  0  0  0 
 0.5445E+11 135  618  246  0  0  0  1  0  0  0  0 
 0.5479E+11 131  620  248  0  0  0  1  0  0  0  0 
 0.5500E+11 128  621  251  0  0  0  0  0  0  0  0 
 0.5532E+11 126  622  251  0  0  0  1  0  0  0  0 
 0.5585E+11 124  625  251  0  0  0  0  0  0  0  0 
 0.5634E+11 124  625  251  0  0  0  0  0  0  0  0 
 0.5680E+11 122  625  252  0  0  0  1  0  0  0  0 
 0.5732E+11 122  626  252  0  0  0  0  0  0  0  0 
 0.5752E+11 122  626  252  0  0  0  0  0  0  0  0 
 0.5787E+11 122  626  252  0  0  0  0  0  0  0  0 
 0.5816E+11 120  628  252  0  0  0  0  0  0  0  0 
 0.5871E+11 117  629  253  0  0  0  1  0  0  0  0 
 0.5958E+11 115  630  254  0  0  0  1  0  0  0  0 
 0.5981E+11 115  631  254  0  0  0  0  0  0  0  0 
 0.6030E+11 113  631  255  0  0  0  0  0  1  0  0 
 0.6089E+11 109  633  257  0  0  0  1  0  0  0  0 
 0.6124E+11 109  633  257  0  0  0  1  0  0  0  0 
 0.6180E+11 109  634  257  0  0  0  0  0  0  0  0 
 0.6216E+11 106  635  258  0  0  0  0  0  1  0  0 
 0.6236E+11 106  635  258  0  0  0  1  0  0  0  0 
 0.6282E+11 104  637  258  0  0  0  1  0  0  0  0 
 0.6323E+11 102  638  259  0  0  0  1  0  0  0  0 
 0.6350E+11 102  639  259  0  0  0  0  0  0  0  0 
 0.6405E+11 100  640  259  0  0  0  1  0  0  0  0 
 0.6426E+11 100  640  260  0  0  0  0  0  0  0  0 
 0.6502E+11 96  643  261  0  0  0  0  0  0  0  0 
 0.6597E+11 90  647  262  0  0  0  1  0  0  0  0 
 0.6646E+11 88  649  262  0  0  0  0  0  1  0  0 
 0.6717E+11 86  649  265  0  0  0  0  0  0  0  0 
 0.6814E+11 84  650  265  0  0  0  0  0  1  0  0 
 0.6867E+11 84  651  265  0  0  0  0  0  0  0  0 
 0.6941E+11 82  652  266  0  0  0  0  0  0  0  0 
 0.7014E+11 80  652  267  0  0  0  1  0  0  0  0 
 0.7087E+11 78  655  267  0  0  0  0  0  0  0  0 
 0.7170E+11 74  656  269  0  0  0  1  0  0  0  0 
 0.7299E+11 72  657  270  0  0  0  1  0  0  0  0 
 0.7325E+11 72  657  270  0  1  0  0  0  0  0  0 
 0.7401E+11 70  660  270  0  0  0  0  0  0  0  0 
 0.7510E+11 66  664  270  0  0  0  0  0  0  0  0 
 0.7591E+11 60  666  273  0  0  0  0  0  1  0  0 
 0.7719E+11 56  667  277  0  0  0  0  0  0  0  0 
 0.7816E+11 52  667  280  0  0  0  1  0  0  0  0 
 0.7929E+11 52  667  280  0  0  0  0  0  1  0  0 
 0.7988E+11 50  669  281  0  0  0  0  0  0  0  0 
 0.8069E+11 46  672  281  0  0  0  1  0  0  0  0 
 0.8190E+11 46  673  281  0  0  0  0  0  0  0  0 
 0.8332E+11 40  677  283  0  0  0  0  0  0  0  0 
 0.8570E+11 36  678  286  0  0  0  0  0  0  0  0 
 0.8846E+11 34  679  287  0  0  0  0  0  0  0  0 
 0.9142E+11 28  685  287  0  0  0  0  0  0  0  0 
 0.9434E+11 26  686  287  0  0  0  1  0  0  0  0 
 0.9758E+11 24  688  288  0  0  0  0  0  0  0  0 
 0.1010E+12 21  690  289  0  0  0  0  0  0  0  0 
 0.1038E+12 21  690  289  0  0  0  0  0  0  0  0 
 0.1064E+12 17  692  291  0  0  0  0  0  0  0  0 
 0.1084E+12 15  693  291  0  0  0  0  0  1  0  0 
 0.1096E+12 15  693  291  0  0  0  1  0  0  0  0 
 0.1138E+12 15  693  291  0  0  0  1  0  0  0  0 
 0.1199E+12 13  696  291  0  0  0  0  0  0  0  0 
 0.1245E+12 13  696  291  0  0  0  0  0  0  0  0 
 0.1276E+12 11  697  291  0  0  0  1  0  0  0  0 
 0.1313E+12 9  698  292  0  0  0  1  0  0  0  0 
 0.1413E+12 7  700  292  0  0  0  1  0  0  0  0 
 0.1449E+12 7  701  292  0  0  0  0  0  0  0  0 
 0.1558E+12 1  703  295  0  0  0  0  0  1  0  0 
 0.1949E+12 1  703  296  0  0  0  0  0  0  0  0 
 0.2131E+12 0  703  297  0  0  0  0  0  0  0  0 
