42 93 1
217 187 1
6 151 1
6 160 1
191 151 1
71 175 1
11 23 1
16 256 1
133 255 1
16 291 1
57 350 2
2 36 2
10 114 2
57 353 1
187 233 1
161 295 1
47 90 1
258 354 1
71 167 1
16 295 1
7 151 2
71 164 1
133 399 1
38 157 1
123 228 1
325 381 1
366 383 1
57 187 2
353 388 1
113 114 1
57 388 1
71 162 2
16 409 1
6 448 1
160 448 1
350 388 4
297 322 1
16 375 1
16 344 2
10 104 2
409 388 2
191 287 1
448 464 1
16 128 2
7 266 1
295 258 1
291 365 1
350 485 1
221 464 1
322 287 1
10 113 1
16 258 3
57 467 1
158 466 1
350 433 3
50 71 1
385 440 1
238 501 1
2 205 1
179 388 1
104 519 1
365 535 1
16 464 2
7 218 1
466 467 1
175 221 1
187 175 2
16 420 1
175 279 1
526 461 1
111 128 1
16 461 1
433 496 2
57 471 2
7 311 1
255 385 1
16 442 1
91 111 1
74 158 2
50 187 1
187 467 1
114 90 1
57 123 1
291 442 1
5 278 1
191 548 1
85 258 1
16 238 2
71 278 3
251 258 1
57 296 1
128 504 2
6 2 1
187 260 1
128 556 1
385 433 1
278 458 4
10 284 1
376 541 1
10 258 1
5 375 1
13 57 1
214 258 1
90 442 1
238 512 1
388 541 1
16 10 2
175 436 1
325 459 1
325 458 1
57 221 1
90 172 1
71 324 2
388 581 1
388 591 1
210 132 1
496 461 1
7 382 1
24 251 1
16 459 1
10 279 1
377 409 1
237 340 1
255 496 1
16 90 1
175 402 1
7 248 1
386 297 1
113 175 2
38 278 2
16 496 1
402 543 1
10 297 2
280 388 1
461 583 1
132 291 1
16 249 2
388 588 1
278 426 1
297 388 2
296 562 1
160 232 1
10 296 1
13 372 1
221 402 1
129 255 1
279 388 2
278 461 1
103 151 1
114 388 1
366 461 1
114 350 2
133 464 1
128 597 1
291 340 1
16 247 1
297 400 1
234 291 1
11 530 1
103 148 1
57 124 1
23 354 1
258 602 1
151 595 1
461 568 1
7 42 1
279 572 1
57 573 1
111 327 1
388 432 1
128 612 1
187 589 1
128 607 1
210 587 1
274 296 1
233 617 1
36 614 1
296 584 1
187 608 1
217 C9H4O3+C20H17N3O 1
10 CO+C28H21N3O3 6
71 CO+C28H21N3O3 4
71 C9H4O3+C20H17N3O 1
124 CO+C28H21N3O3 1
57 H2O+C29H19N3O3 2
187 CO+C28H21N3O3 2
16 H2O+C29H19N3O3 4
16 C9H4O3+C20H17N3O 2
128 C9H4O3+C20H17N3O 1
50 H2O+C29H19N3O3 1
103 H2O+C29H19N3O3 1
278 CO+C28H21N3O3 2
50 C9H4O3+C20H17N3O 1
104 CO+C28H21N3O3 1
442 H2O+C29H19N3O3 1
187 C9H4O3+C20H17N3O 1
57 H2+C29H19N3O4 3
50 CO+C28H21N3O3 1
464 C8H4O2+C21H17N3O2 3
258 H2O+C29H19N3O3 2
409 H2O+C29H19N3O3 2
151 C8H6O3+C21H15N3O 1
133 H2+C29H19N3O4 1
238 H2O+C29H19N3O3 2
10 H2+C29H19N3O4 1
16 C8H4O2+C21H17N3O2 5
296 H2+C29H19N3O4 1
11 H2+C29H19N3O4 1
458 CO+C28H21N3O3 2
90 H2O+C29H19N3O3 2
2 CO2+C28H21N3O2 1
568 CO+C28H21N3O3 1
526 CO+C28H21N3O3 1
388 C8H4O2+C21H17N3O2 1
461 CO+C28H21N3O3 1
10 C9H4O3+C20H17N3O 2
279 H2+C29H19N3O4 1
297 C8H4O2+C21H17N3O2 1
16 H2+C29H19N3O4 2
16 CO+C28H21N3O3 2
504 CO+C28H21N3O3 1
296 CO+C28H21N3O3 1
114 CO+C28H21N3O3 1
187 H2+C29H19N3O4 1
162 CO+C28H21N3O3 1
258 C9H5NO3+C20H16N2O 2
113 CO+C28H21N3O3 1
191 H2+C29H19N3O4 1
114 C8H4O2+C21H17N3O2 1
485 H2O+C29H19N3O3 1
541 C8H6O3+C21H15N3O 1
365 CHN+C28H20N2O4 1
151 CO2+C28H21N3O2 1
133 H2O+C29H19N3O3 1
279 CO+C28H21N3O3 1
191 C8H6O3+C21H15N3O 1
402 CO+C28H21N3O3 1
111 C9H4O3+C20H17N3O 1
602 CO2+C28H21N3O2 2
541 CO+C28H21N3O3 1
16 C9H6O3+C20H15N3O 1
57 H2O2+C29H19N3O2 1
175 CO+C28H21N3O3 1
