TS  #    DE(kcal/mol)
    1       -8.640
    2       -8.039
    3       -1.766
    4        0.037
    5        0.238
    6        0.694
    7        2.504
    8        2.525
    9        2.733
   10        3.084
   11        3.806
   12        5.176
   13        7.262
   14        7.643
   15        8.549
   16        9.829
   17       10.470
   18       10.564
   19       10.581
   20       10.989
   21       13.826
   22       14.570
   23       14.597
   24       14.895
   25       16.035
   26       16.426
   27       16.754
   28       19.022
   29       19.572
   30       20.195
   31       20.422
   32       20.430
   33       21.041
   34       23.361
   35       23.425
   36       23.465
   37       24.370
   38       24.520
   39       24.825
   40       25.046
   41       26.056
   42       27.131
   43       27.170
   44       27.316
   45       28.721
   46       29.121
   47       29.381
   48       29.648
   49       29.980
   50       30.485
   51       31.259
   52       31.526
   53       32.113
   54       32.780
   55       32.826
   56       32.943
   57       33.241
   58       33.331
   59       33.828
   60       34.013
   61       34.013
   62       34.247
   63       35.345
   64       36.171
   65       36.336
   66       36.517
   67       37.192
   68       37.258
   69       37.839
   70       38.049
   71       38.114
   72       38.227
   73       38.251
   74       38.762
   75       38.841
   76       39.292
   77       39.513
   78       39.793
   79       39.884
   80       39.896
   81       40.094
   82       40.254
   83       40.344
   84       40.426
   85       40.516
   86       40.565
   87       40.591
   88       40.678
   89       40.911
   90       41.000
   91       41.157
   92       41.444
   93       41.555
   94       41.575
   95       41.644
   96       41.824
   97       41.949
   98       42.308
   99       42.440
  100       42.558
  101       42.768
  102       42.856
  103       43.091
  104       43.332
  105       43.471
  106       43.554
  107       43.681
  108       43.710
  109       43.787
  110       43.836
  111       43.973
  112       43.983
  113       43.992
  114       44.051
  115       44.388
  116       44.391
  117       44.496
  118       44.496
  119       44.534
  120       44.702
  121       44.839
  122       45.041
  123       45.075
  124       45.104
  125       45.150
  126       45.216
  127       45.284
  128       45.317
  129       45.328
  130       45.587
  131       45.622
  132       45.626
  133       45.678
  134       46.153
  135       46.404
  136       46.591
  137       46.654
  138       46.780
  139       46.938
  140       47.045
  141       47.070
  142       47.088
  143       47.350
  144       47.655
  145       47.708
  146       47.709
  147       47.768
  148       48.057
  149       48.065
  150       48.217
  151       48.237
  152       48.468
  153       48.683
  154       48.876
  155       48.917
  156       49.026
  157       49.074
  158       49.079
  159       49.520
  160       49.523
  161       49.567
  162       49.591
  163       49.673
  164       49.931
  165       49.945
  166       49.978
  167       50.040
  168       50.337
  169       50.447
  170       50.494
  171       50.577
  172       50.841
  173       50.879
  174       50.979
  175       50.993
  176       51.056
  177       51.160
  178       51.165
  179       51.347
  180       51.369
  181       51.413
  182       51.428
  183       51.630
  184       51.684
  185       51.766
  186       51.924
  187       51.947
  188       52.024
  189       52.036
  190       52.048
  191       52.224
  192       52.234
  193       52.294
  194       52.383
  195       52.565
  196       52.669
  197       52.774
  198       52.793
  199       52.812
  200       52.837
  201       52.951
  202       53.046
  203       53.056
  204       53.098
  205       53.218
  206       53.295
  207       53.414
  208       53.444
  209       53.500
  210       53.533
  211       53.558
  212       53.577
  213       53.597
  214       53.654
  215       54.031
  216       54.046
  217       54.072
  218       54.252
  219       54.300
  220       54.320
  221       54.449
  222       54.483
  223       54.647
  224       54.779
  225       54.854
  226       54.963
  227       55.104
  228       55.339
  229       55.765
  230       55.904
  231       55.959
  232       55.991
  233       56.057
  234       56.110
  235       56.236
  236       56.272
  237       56.349
  238       56.850
  239       56.930
  240       57.033
  241       57.256
  242       57.262
  243       57.417
  244       57.420
  245       57.442
  246       57.478
  247       57.501
  248       57.714
  249       57.806
  250       57.868
  251       58.140
  252       58.140
  253       58.284
  254       58.405
  255       58.434
  256       58.490
  257       58.585
  258       58.627
  259       58.880
  260       58.884
  261       58.938
  262       58.971
  263       58.977
  264       59.000
  265       59.015
  266       59.229
  267       59.276
  268       59.436
  269       59.442
  270       59.600
  271       59.895
  272       59.951
  273       60.080
  274       60.317
  275       60.436
  276       60.697
  277       60.708
  278       60.837
  279       61.005
  280       61.077
  281       61.291
  282       61.330
  283       61.391
  284       61.761
  285       61.814
  286       61.843
  287       61.990
  288       62.079
  289       62.157
  290       62.656
  291       62.894
  292       63.312
  293       63.324
  294       63.486
  295       63.486
  296       63.759
  297       63.804
  298       64.132
  299       64.246
  300       64.301
  301       64.305
  302       64.653
  303       64.690
  304       64.719
  305       64.746
  306       64.750
  307       64.908
  308       64.923
  309       65.010
  310       65.063
  311       65.302
  312       65.346
  313       65.347
  314       65.408
  315       65.477
  316       65.548
  317       65.674
  318       65.688
  319       65.696
  320       65.736
  321       65.842
  322       65.898
  323       66.088
  324       66.164
  325       66.176
  326       66.224
  327       66.473
  328       66.495
  329       66.564
  330       67.165
  331       67.249
  332       67.280
  333       67.293
  334       67.293
  335       67.313
  336       67.470
  337       67.537
  338       67.594
  339       67.641
  340       67.757
  341       67.786
  342       67.803
  343       67.923
  344       68.000
  345       68.294
  346       68.459
  347       68.569
  348       68.603
  349       68.605
  350       68.616
  351       68.760
  352       68.809
  353       69.002
  354       69.071
  355       69.081
  356       69.083
  357       69.089
  358       69.118
  359       69.125
  360       69.188
  361       69.348
  362       69.388
  363       69.524
  364       69.584
  365       69.590
  366       69.675
  367       69.709
  368       69.791
  369       69.840
  370       69.901
  371       70.017
  372       70.026
  373       70.249
  374       70.260
  375       70.357
  376       70.571
  377       70.888
  378       70.946
  379       71.030
  380       71.034
  381       71.079
  382       71.306
  383       71.468
  384       71.698
  385       71.737
  386       71.817
  387       71.838
  388       71.963
  389       72.274
  390       72.627
  391       72.777
  392       72.821
  393       72.881
  394       72.950
  395       72.968
  396       73.181
  397       73.211
  398       73.275
  399       73.504
  400       73.507
  401       73.576
  402       73.814
  403       73.893
  404       73.943
  405       74.132
  406       74.273
  407       74.361
  408       74.731
  409       74.802
  410       75.150
  411       75.169
  412       75.280
  413       75.454
  414       75.460
  415       75.520
  416       75.592
  417       76.198
  418       76.575
  419       76.630
  420       76.886
  421       76.970
  422       76.989
  423       77.157
  424       77.458
  425       77.636
  426       77.710
  427       78.038
  428       78.237
  429       78.601
  430       78.836
  431       78.952
  432       79.408
  433       79.469
  434       79.511
  435       79.689
  436       79.743
  437       79.857
  438       80.084
  439       80.244
  440       80.303
  441       80.311
  442       80.459
  443       80.485
  444       80.599
  445       80.948
  446       81.016
  447       81.091
  448       81.112
  449       81.145
  450       81.350
  451       81.578
  452       81.662
  453       81.706
  454       81.934
  455       81.965
  456       82.068
  457       82.103
  458       82.106
  459       82.310
  460       82.312
  461       82.520
  462       82.947
  463       83.270
  464       83.281
  465       83.548
  466       83.804
  467       83.819
  468       84.011
  469       84.098
  470       84.171
  471       84.327
  472       84.547
  473       84.811
  474       84.878
  475       84.883
  476       84.920
  477       84.948
  478       85.071
  479       85.085
  480       85.305
  481       85.413
  482       85.688
  483       85.872
  484       85.903
  485       85.986
  486       86.454
  487       86.668
  488       87.024
  489       87.127
  490       87.311
  491       87.313
  492       87.333
  493       87.339
  494       87.341
  495       87.847
  496       87.940
  497       88.356
  498       88.772
  499       88.792
  500       89.322
  501       89.497
  502       89.739
  503       89.814
  504       89.817
  505       90.111
  506       90.447
  507       90.697
  508       90.735
  509       91.186
  510       91.666
  511       91.736
  512       92.075
  513       92.091
  514       92.303
  515       93.014
  516       93.524
  517       93.706
  518       93.878
  519       93.967
  520       94.112
  521       94.502
  522       94.521
  523       95.154
  524       95.176
  525       95.190
  526       95.483
  527       95.726
  528       96.128
  529       96.594
  530       97.377
  531       98.154
  532       98.227
  533       98.339
  534       98.679
  535       99.036
  536       99.267
  537       99.718
  538       99.798
  539       99.929
  540      100.079
  541      100.323
  542      101.495
  543      102.179
  544      102.269
  545      103.538
  546      104.180
  547      105.364
  548      107.005
  549      107.153
  550      107.962
  551      108.824
  552      110.035
  553      112.955
  554      113.653
  555      113.740
  556      113.842
  557      116.167
  558      116.462
  559      117.180
  560      122.183
  561      123.652
  562      124.146
  563      124.816
  564      124.834
  565      124.865
  566      125.257
  567      126.387
  568      129.115
  569      130.499
  570      130.798
  571      132.120
  572      133.527
  573      133.787
  574      134.079
  575      134.295
  576      138.502
  577      144.087
  578      144.818
  579      145.880
  580      146.738
  581      149.229
  582      150.576
  583      150.910
  584      151.661
  585      152.098
  586      156.356
  587      157.764
  588      165.237
  589      168.003
  590      168.781
  591      171.066
  592      171.480
  593      172.577
  594      180.163
  595      186.009
  596      200.757
Conformational isomers are listed in the same line:
4 5 6 8 9 10 13 
18 19 20 23 25 
22 26 
30 31 
35 39 
105 169 
248 274 
54 56 58 
67 106 
94 95 97 98 
363 382 
80 87 
84 85 93 100 153 
121 143 189 192 
102 104 
113 123 
182 276 
129 137 
195 206 
296 297 
140 141 
376 387 
174 207 
234 253 
171 242 251 
176 181 188 
233 420 
349 370 
213 235 
219 240 
249 265 295 
254 285 
262 292 
277 311 
280 283 
290 305 
312 354 
302 304 360 
303 328 
309 314 
355 445 
357 367 
383 392 
400 401 
428 475 
535 543 
