MIN #    DE(kcal/mol)
    1      -12.465
    2      -10.736
    3      -10.624
    4      -10.354
    5      -10.305
    6      -10.273
    7      -10.215
    8      -10.111
    9      -10.020
   10       -9.689
   11       -9.585
   12       -9.357
   13       -8.897
   14       -8.115
   15       -7.811
   16       -7.662
   17       -7.662
   18       -7.503
   19       -7.300
   20       -7.101
   21       -6.853
   22       -6.712
   23       -6.459
   24       -6.316
   25       -6.037
   26       -5.972
   27       -5.542
   28       -5.530
   29       -5.466
   30       -5.411
   31       -5.270
   32       -5.010
   33       -4.634
   34       -4.434
   35       -4.431
   36       -4.304
   37       -4.245
   38       -4.229
   39       -4.102
   40       -4.026
   41       -4.023
   42       -3.980
   43       -3.942
   44       -3.914
   45       -3.736
   46       -3.686
   47       -3.655
   48       -3.617
   49       -3.600
   50       -3.572
   51       -3.523
   52       -3.521
   53       -3.268
   54       -3.077
   55       -2.992
   56       -2.986
   57       -2.984
   58       -2.900
   59       -2.896
   60       -2.890
   61       -2.858
   62       -2.828
   63       -2.823
   64       -2.547
   65       -2.534
   66       -2.503
   67       -2.479
   68       -2.465
   69       -2.389
   70       -2.383
   71       -2.184
   72       -2.164
   73       -2.099
   74       -2.067
   75       -2.037
   76       -1.973
   77       -1.965
   78       -1.951
   79       -1.871
   80       -1.845
   81       -1.598
   82       -1.549
   83       -1.502
   84       -1.377
   85       -1.364
   86       -1.332
   87       -1.302
   88       -1.268
   89       -1.258
   90       -1.199
   91       -1.152
   92       -1.138
   93       -1.025
   94       -0.961
   95       -0.953
   96       -0.928
   97       -0.841
   98       -0.836
   99       -0.834
  100       -0.773
  101       -0.678
  102       -0.650
  103       -0.645
  104       -0.495
  105       -0.410
  106       -0.392
  107       -0.383
  108       -0.360
  109       -0.293
  110       -0.214
  111       -0.210
  112       -0.102
  113       -0.087
  114       -0.073
  115       -0.055
  116        0.000
  117        0.057
  118        0.117
  119        0.127
  120        0.172
  121        0.297
  122        0.415
  123        0.437
  124        0.493
  125        0.529
  126        0.547
  127        0.595
  128        0.706
  129        0.801
  130        0.822
  131        0.852
  132        0.860
  133        0.873
  134        0.906
  135        1.047
  136        1.129
  137        1.227
  138        1.377
  139        1.412
  140        1.512
  141        1.530
  142        1.641
  143        1.654
  144        1.668
  145        1.669
  146        1.677
  147        1.679
  148        1.732
  149        1.822
  150        1.842
  151        1.847
  152        1.873
  153        1.941
  154        2.013
  155        2.059
  156        2.165
  157        2.189
  158        2.294
  159        2.296
  160        2.324
  161        2.328
  162        2.342
  163        2.344
  164        2.433
  165        2.465
  166        2.474
  167        2.501
  168        2.503
  169        2.541
  170        2.543
  171        2.562
  172        2.639
  173        2.672
  174        2.683
  175        2.831
  176        2.913
  177        2.967
  178        2.988
  179        2.989
  180        3.032
  181        3.034
  182        3.049
  183        3.062
  184        3.075
  185        3.080
  186        3.165
  187        3.263
  188        3.267
  189        3.271
  190        3.287
  191        3.294
  192        3.315
  193        3.355
  194        3.361
  195        3.377
  196        3.416
  197        3.501
  198        3.515
  199        3.528
  200        3.541
  201        3.552
  202        3.556
  203        3.561
  204        3.610
  205        3.666
  206        3.673
  207        3.692
  208        3.698
  209        3.735
  210        3.758
  211        3.776
  212        3.780
  213        3.797
  214        3.837
  215        3.860
  216        3.883
  217        3.887
  218        3.906
  219        3.958
  220        3.961
  221        3.971
  222        3.990
  223        4.016
  224        4.037
  225        4.051
  226        4.054
  227        4.117
  228        4.120
  229        4.131
  230        4.137
  231        4.220
  232        4.332
  233        4.396
  234        4.404
  235        4.429
  236        4.447
  237        4.454
  238        4.507
  239        4.513
  240        4.517
  241        4.521
  242        4.544
  243        4.562
  244        4.660
  245        4.671
  246        4.705
  247        4.796
  248        4.832
  249        4.860
  250        4.903
  251        4.904
  252        4.908
  253        4.941
  254        4.969
  255        4.977
  256        4.989
  257        5.013
  258        5.036
  259        5.061
  260        5.152
  261        5.173
  262        5.204
  263        5.260
  264        5.279
  265        5.281
  266        5.302
  267        5.324
  268        5.346
  269        5.367
  270        5.401
  271        5.411
  272        5.427
  273        5.620
  274        5.672
  275        5.728
  276        5.755
  277        5.831
  278        5.878
  279        5.888
  280        5.907
  281        5.923
  282        5.949
  283        5.963
  284        5.984
  285        5.997
  286        6.015
  287        6.068
  288        6.070
  289        6.127
  290        6.131
  291        6.163
  292        6.170
  293        6.253
  294        6.260
  295        6.270
  296        6.290
  297        6.312
  298        6.323
  299        6.328
  300        6.379
  301        6.415
  302        6.445
  303        6.468
  304        6.479
  305        6.511
  306        6.558
  307        6.625
  308        6.636
  309        6.658
  310        6.660
  311        6.662
  312        6.662
  313        6.673
  314        6.695
  315        6.705
  316        6.727
  317        6.769
  318        6.781
  319        6.806
  320        6.875
  321        6.901
  322        6.952
  323        6.965
  324        6.974
  325        7.062
  326        7.096
  327        7.097
  328        7.143
  329        7.183
  330        7.194
  331        7.200
  332        7.253
  333        7.321
  334        7.323
  335        7.323
  336        7.328
  337        7.348
  338        7.370
  339        7.383
  340        7.384
  341        7.388
  342        7.405
  343        7.417
  344        7.430
  345        7.437
  346        7.455
  347        7.469
  348        7.471
  349        7.520
  350        7.537
  351        7.562
  352        7.604
  353        7.606
  354        7.614
  355        7.644
  356        7.702
  357        7.742
  358        7.772
  359        7.777
  360        7.810
  361        7.925
  362        7.942
  363        7.989
  364        8.089
  365        8.174
  366        8.181
  367        8.213
  368        8.216
  369        8.283
  370        8.297
  371        8.297
  372        8.313
  373        8.358
  374        8.403
  375        8.451
  376        8.476
  377        8.567
  378        8.607
  379        8.618
  380        8.622
  381        8.624
  382        8.713
  383        8.725
  384        8.752
  385        8.832
  386        8.838
  387        8.849
  388        8.857
  389        8.913
  390        8.940
  391        8.967
  392        8.971
  393        8.974
  394        8.988
  395        9.031
  396        9.076
  397        9.209
  398        9.402
  399        9.435
  400        9.484
  401        9.486
  402        9.564
  403        9.627
  404        9.637
  405        9.647
  406        9.673
  407        9.706
  408        9.745
  409        9.768
  410        9.784
  411        9.787
  412        9.805
  413        9.833
  414        9.839
  415        9.879
  416        9.896
  417        9.986
  418       10.032
  419       10.045
  420       10.049
  421       10.053
  422       10.053
  423       10.193
  424       10.224
  425       10.237
  426       10.247
  427       10.286
  428       10.382
  429       10.512
  430       10.516
  431       10.528
  432       10.540
  433       10.544
  434       10.563
  435       10.563
  436       10.613
  437       10.703
  438       10.705
  439       10.746
  440       10.798
  441       10.816
  442       10.826
  443       10.828
  444       10.877
  445       10.965
  446       10.978
  447       11.054
  448       11.154
  449       11.158
  450       11.182
  451       11.227
  452       11.232
  453       11.353
  454       11.397
  455       11.492
  456       11.505
  457       11.551
  458       11.593
  459       11.595
  460       11.609
  461       11.639
  462       11.706
  463       11.712
  464       11.750
  465       11.984
  466       11.984
  467       12.008
  468       12.089
  469       12.166
  470       12.253
  471       12.319
  472       12.325
  473       12.345
  474       12.361
  475       12.385
  476       12.414
  477       12.471
  478       12.491
  479       12.603
  480       12.673
  481       12.726
  482       12.752
  483       12.810
  484       12.835
  485       12.854
  486       12.884
  487       12.891
  488       12.902
  489       13.024
  490       13.057
  491       13.108
  492       13.201
  493       13.238
  494       13.269
  495       13.270
  496       13.387
  497       13.579
  498       13.582
  499       13.628
  500       13.651
  501       13.677
  502       13.715
  503       13.767
  504       13.785
  505       13.964
  506       13.971
  507       13.998
  508       14.016
  509       14.098
  510       14.211
  511       14.248
  512       14.295
  513       14.335
  514       14.387
  515       14.516
  516       14.520
  517       14.531
  518       14.540
  519       14.546
  520       14.634
  521       14.658
  522       14.675
  523       14.688
  524       14.767
  525       14.828
  526       14.919
  527       14.923
  528       14.948
  529       14.954
  530       14.995
  531       15.015
  532       15.027
  533       15.032
  534       15.051
  535       15.054
  536       15.061
  537       15.090
  538       15.109
  539       15.198
  540       15.220
  541       15.286
  542       15.313
  543       15.424
  544       15.509
  545       15.516
  546       15.581
  547       15.674
  548       15.723
  549       15.739
  550       15.821
  551       15.915
  552       16.016
  553       16.042
  554       16.061
  555       16.066
  556       16.126
  557       16.282
  558       16.451
  559       16.483
  560       16.510
  561       16.529
  562       16.560
  563       16.613
  564       16.742
  565       16.746
  566       16.772
  567       16.787
  568       16.818
  569       16.880
  570       16.894
  571       16.940
  572       17.128
  573       17.204
  574       17.267
  575       17.357
  576       17.427
  577       17.467
  578       17.471
  579       17.492
  580       17.523
  581       17.548
  582       17.786
  583       17.998
  584       18.202
  585       18.379
  586       18.440
  587       18.481
  588       18.561
  589       18.566
  590       18.577
  591       18.633
  592       18.641
  593       18.658
  594       18.685
  595       18.710
  596       18.804
  597       18.894
  598       19.129
  599       19.202
  600       19.507
  601       19.626
  602       19.672
  603       19.705
  604       19.797
  605       19.840
  606       19.940
  607       20.007
  608       20.181
  609       20.194
  610       20.259
  611       20.338
  612       20.357
  613       20.388
  614       20.439
  615       20.443
  616       20.636
  617       20.809
  618       20.950
  619       20.969
  620       20.991
  621       21.003
  622       21.037
  623       21.176
  624       21.178
  625       21.214
  626       21.260
  627       21.286
  628       21.355
  629       21.543
  630       21.560
  631       21.710
  632       21.935
  633       21.973
  634       22.371
  635       22.373
  636       22.689
  637       22.708
  638       22.837
  639       22.884
  640       22.973
  641       23.057
  642       23.099
  643       23.214
  644       23.285
  645       23.312
  646       23.453
  647       23.485
  648       23.489
  649       23.570
  650       23.661
  651       23.710
  652       23.747
  653       23.958
  654       24.068
  655       24.276
  656       24.421
  657       24.528
  658       24.566
  659       24.651
  660       24.664
  661       24.706
  662       24.732
  663       24.776
  664       24.805
  665       24.926
  666       24.974
  667       25.042
  668       25.153
  669       25.215
  670       25.219
  671       25.231
  672       25.243
  673       25.247
  674       25.269
  675       25.289
  676       25.316
  677       25.319
  678       25.350
  679       25.394
  680       25.408
  681       25.428
  682       25.462
  683       25.500
  684       25.522
  685       25.540
  686       25.599
  687       25.735
  688       25.813
  689       25.863
  690       25.868
  691       25.911
  692       25.997
  693       26.128
  694       26.155
  695       26.158
  696       26.280
  697       26.305
  698       26.313
  699       26.318
  700       26.356
  701       26.365
  702       26.394
  703       26.414
  704       26.421
  705       26.641
  706       26.669
  707       26.681
  708       26.685
  709       26.726
  710       26.810
  711       26.820
  712       26.825
  713       26.895
  714       26.938
  715       26.972
  716       27.009
  717       27.118
  718       27.189
  719       27.244
  720       27.312
  721       27.341
  722       27.384
  723       27.465
  724       27.543
  725       27.652
  726       27.655
  727       27.701
  728       27.746
  729       27.796
  730       27.805
  731       27.857
  732       27.863
  733       27.881
  734       27.893
  735       27.896
  736       27.930
  737       28.000
  738       28.011
  739       28.058
  740       28.156
  741       28.164
  742       28.188
  743       28.200
  744       28.215
  745       28.246
  746       28.247
  747       28.288
  748       28.339
  749       28.421
  750       28.485
  751       28.500
  752       28.625
  753       28.627
  754       28.632
  755       28.636
  756       28.670
  757       28.705
  758       29.111
  759       29.124
  760       29.238
  761       29.274
  762       29.310
  763       29.377
  764       29.477
  765       29.485
  766       29.507
  767       29.575
  768       29.622
  769       29.624
  770       29.765
  771       29.825
  772       29.873
  773       29.881
  774       30.068
  775       30.157
  776       30.158
  777       30.161
  778       30.285
  779       30.305
  780       30.428
  781       30.436
  782       30.444
  783       30.587
  784       30.632
  785       30.647
  786       30.685
  787       30.902
  788       31.027
  789       31.146
  790       31.281
  791       31.296
  792       31.321
  793       31.324
  794       31.537
  795       31.543
  796       31.551
  797       31.564
  798       31.567
  799       31.674
  800       31.737
  801       31.796
  802       31.823
  803       31.901
  804       32.126
  805       32.129
  806       32.174
  807       32.196
  808       32.323
  809       32.354
  810       32.377
  811       32.377
  812       32.458
  813       32.516
  814       32.529
  815       32.532
  816       32.535
  817       32.587
  818       32.604
  819       32.624
  820       32.666
  821       32.781
  822       32.796
  823       32.867
  824       32.886
  825       32.919
  826       32.930
  827       32.965
  828       33.087
  829       33.191
  830       33.198
  831       33.305
  832       33.348
  833       33.372
  834       33.542
  835       33.550
  836       33.583
  837       33.680
  838       33.692
  839       33.719
  840       33.873
  841       33.882
  842       33.889
  843       33.902
  844       33.984
  845       34.191
  846       34.269
  847       34.397
  848       34.410
  849       34.461
  850       34.483
  851       34.525
  852       34.555
  853       34.645
  854       34.648
  855       34.675
  856       34.744
  857       34.810
  858       34.835
  859       34.849
  860       34.868
  861       34.901
  862       34.990
  863       35.004
  864       35.011
  865       35.016
  866       35.080
  867       35.102
  868       35.212
  869       35.317
  870       35.395
  871       35.544
  872       35.570
  873       35.773
  874       35.817
  875       35.867
  876       35.870
  877       35.927
  878       35.970
  879       36.088
  880       36.127
  881       36.237
  882       36.307
  883       36.359
  884       36.379
  885       36.399
  886       36.427
  887       36.567
  888       36.569
  889       36.678
  890       36.868
  891       37.064
  892       37.083
  893       37.131
  894       37.200
  895       37.233
  896       37.391
  897       37.456
  898       37.468
  899       37.556
  900       37.570
  901       37.619
  902       37.671
  903       37.700
  904       37.702
  905       37.738
  906       37.752
  907       37.752
  908       37.786
  909       37.794
  910       37.864
  911       37.960
  912       38.033
  913       38.112
  914       38.113
  915       38.135
  916       38.149
  917       38.263
  918       38.276
  919       38.391
  920       38.460
  921       38.464
  922       38.524
  923       38.575
  924       38.664
  925       38.712
  926       38.733
  927       38.781
  928       38.796
  929       38.840
  930       38.930
  931       38.992
  932       38.999
  933       39.002
  934       39.216
  935       39.233
  936       39.240
  937       39.255
  938       39.391
  939       39.410
  940       39.509
  941       39.541
  942       39.612
  943       39.689
  944       39.760
  945       40.008
  946       40.032
  947       40.217
  948       40.318
  949       40.319
  950       40.321
  951       40.338
  952       40.366
  953       40.404
  954       40.521
  955       40.583
  956       40.584
  957       40.721
  958       40.745
  959       40.784
  960       40.794
  961       40.822
  962       40.953
  963       40.997
  964       41.025
  965       41.072
  966       41.213
  967       41.269
  968       41.273
  969       41.297
  970       41.485
  971       41.775
  972       41.832
  973       41.885
  974       41.935
  975       41.952
  976       42.006
  977       42.292
  978       42.379
  979       42.466
  980       42.515
  981       42.574
  982       42.627
  983       42.824
  984       42.941
  985       43.100
  986       43.118
  987       43.160
  988       43.201
  989       43.328
  990       43.361
  991       43.550
  992       43.597
  993       43.644
  994       43.849
  995       43.953
  996       43.959
  997       44.063
  998       44.093
  999       44.169
 1000       44.322
 1001       44.415
 1002       44.644
 1003       44.761
 1004       44.785
 1005       44.789
 1006       44.816
 1007       44.852
 1008       44.890
 1009       44.965
 1010       45.050
 1011       45.081
 1012       45.416
 1013       45.576
 1014       45.819
 1015       45.855
 1016       45.883
 1017       45.957
 1018       46.193
 1019       46.429
 1020       46.439
 1021       46.501
 1022       46.515
 1023       46.696
 1024       46.726
 1025       46.808
 1026       46.906
 1027       47.069
 1028       47.088
 1029       47.116
 1030       47.123
 1031       47.138
 1032       47.147
 1033       47.171
 1034       47.322
 1035       47.346
 1036       47.381
 1037       47.416
 1038       47.501
 1039       47.570
 1040       47.601
 1041       47.687
 1042       47.775
 1043       48.019
 1044       48.053
 1045       48.069
 1046       48.076
 1047       48.111
 1048       48.128
 1049       48.243
 1050       48.410
 1051       48.447
 1052       48.722
 1053       48.821
 1054       48.889
 1055       48.911
 1056       48.999
 1057       49.031
 1058       49.262
 1059       49.578
 1060       49.763
 1061       49.804
 1062       49.830
 1063       50.135
 1064       50.343
 1065       50.359
 1066       50.412
 1067       50.635
 1068       50.782
 1069       50.783
 1070       50.787
 1071       50.997
 1072       51.146
 1073       51.338
 1074       51.412
 1075       51.473
 1076       51.545
 1077       51.640
 1078       51.699
 1079       51.840
 1080       52.095
 1081       52.128
 1082       52.172
 1083       52.616
 1084       52.696
 1085       52.799
 1086       52.953
 1087       53.233
 1088       53.386
 1089       53.723
 1090       53.785
 1091       53.845
 1092       53.885
 1093       53.942
 1094       54.042
 1095       54.046
 1096       54.332
 1097       54.582
 1098       54.810
 1099       55.032
 1100       55.071
 1101       55.076
 1102       55.147
 1103       55.296
 1104       55.493
 1105       55.506
 1106       55.516
 1107       55.542
 1108       55.869
 1109       55.880
 1110       55.882
 1111       55.944
 1112       56.049
 1113       56.070
 1114       56.136
 1115       56.240
 1116       56.418
 1117       56.450
 1118       56.603
 1119       56.749
 1120       57.003
 1121       57.147
 1122       57.171
 1123       57.355
 1124       57.379
 1125       57.629
 1126       57.718
 1127       57.884
 1128       58.239
 1129       58.420
 1130       58.574
 1131       58.621
 1132       58.788
 1133       59.052
 1134       59.263
 1135       59.349
 1136       59.417
 1137       59.675
 1138       59.734
 1139       59.796
 1140       59.842
 1141       59.910
 1142       60.081
 1143       60.136
 1144       60.198
 1145       60.372
 1146       60.700
 1147       60.799
 1148       60.851
 1149       61.271
 1150       61.949
 1151       62.428
 1152       62.473
 1153       62.551
 1154       62.561
 1155       62.690
 1156       62.793
 1157       63.029
 1158       63.067
 1159       63.422
 1160       63.694
 1161       64.524
 1162       64.677
 1163       64.844
 1164       64.878
 1165       65.301
 1166       65.533
 1167       65.546
 1168       65.688
 1169       65.856
 1170       65.893
 1171       65.995
 1172       66.076
 1173       66.329
 1174       66.442
 1175       66.972
 1176       67.083
 1177       67.114
 1178       67.482
 1179       68.420
 1180       68.574
 1181       68.965
 1182       69.164
 1183       69.478
 1184       70.539
 1185       70.593
 1186       70.823
 1187       70.991
 1188       71.537
 1189       71.585
 1190       71.731
 1191       71.967
 1192       72.080
 1193       72.358
 1194       72.632
 1195       73.803
 1196       74.148
 1197       74.158
 1198       74.462
 1199       74.583
 1200       74.873
 1201       75.080
 1202       75.210
 1203       75.224
 1204       75.566
 1205       75.570
 1206       76.209
 1207       76.277
 1208       76.467
 1209       76.479
 1210       76.512
 1211       76.661
 1212       76.786
 1213       76.831
 1214       76.838
 1215       77.034
 1216       77.214
 1217       77.248
 1218       77.413
 1219       77.750
 1220       78.248
 1221       78.371
 1222       78.635
 1223       79.004
 1224       79.090
 1225       79.219
 1226       79.461
 1227       80.690
 1228       80.772
 1229       80.839
 1230       81.145
 1231       82.706
 1232       83.573
 1233       84.762
 1234       84.793
 1235       85.068
 1236       85.074
 1237       85.085
 1238       85.963
 1239       86.179
 1240       86.985
 1241       87.376
 1242       87.561
 1243       87.775
 1244       87.896
 1245       89.612
 1246       89.919
 1247       90.220
 1248       92.538
 1249       93.589
 1250       94.742
 1251       95.128
 1252       95.403
 1253       95.585
 1254       95.589
 1255       95.711
 1256       95.846
 1257       96.571
 1258       96.669
 1259       97.811
 1260       98.711
 1261       98.754
 1262       98.936
 1263       99.461
 1264       99.470
 1265       99.858
 1266      101.131
 1267      101.533
 1268      101.621
 1269      102.266
 1270      102.700
 1271      102.812
 1272      102.926
 1273      102.980
 1274      103.124
 1275      103.436
 1276      103.652
 1277      103.873
 1278      103.976
 1279      104.249
 1280      105.629
 1281      107.858
 1282      109.877
 1283      110.708
 1284      111.036
 1285      111.154
 1286      111.469
 1287      113.017
 1288      115.535
 1289      116.919
 1290      117.300
 1291      118.319
 1292      118.534
 1293      118.756
 1294      119.487
 1295      120.889
 1296      121.439
 1297      121.553
 1298      124.383
 1299      125.278
 1300      126.533
 1301      128.201
 1302      129.964
 1303      130.153
Conformational isomers are listed in the same line:
1 4 
2 6 12 18 80 
3 5 9 10 14 15 21 24 25 30 34 
7 8 11 13 16 17 
19 32 37 54 56 62 63 69 73 77 87 
20 22 23 33 42 50 52 126 
26 36 43 44 47 49 51 86 98 99 101 114 
27 78 105 507 508 
28 29 66 
31 38 149 167 235 
35 55 
39 41 53 64 92 
40 57 127 290 336 
45 85 169 205 
46 48 60 82 151 
58 74 75 88 123 159 
61 136 
65 311 
67 72 110 113 133 214 224 
68 79 95 124 207 217 245 271 385 
70 83 84 111 174 202 275 
71 76 94 112 120 
81 104 122 535 
90 91 93 102 109 188 193 204 
96 107 115 118 119 132 134 144 195 222 251 260 360 492 
97 100 108 263 
103 162 163 218 
106 282 
116 128 138 239 287 299 384 397 
117 173 184 229 
121 249 
125 153 160 
129 131 137 139 332 
130 156 
135 158 199 326 
140 146 172 181 185 305 
141 145 152 180 200 210 431 437 443 453 478 522 
142 143 147 154 155 177 189 270 327 
150 170 269 350 
157 168 
165 186 213 228 240 358 
166 176 191 411 438 
175 187 
178 201 255 484 
179 194 208 211 223 250 254 259 266 279 283 284 288 309 312 313 381 383 395 398 399 401 458 
183 196 220 
190 192 253 
197 227 
198 451 
203 212 216 233 277 310 324 337 340 348 349 352 364 382 412 418 440 444 457 486 490 493 495 497 516 521 546 570 
206 256 
209 221 242 248 317 322 
215 234 314 
219 225 226 237 261 315 
230 232 247 
231 297 
238 272 274 347 
243 394 
244 262 320 
252 257 265 346 429 
258 464 
264 267 276 281 293 301 302 308 316 328 473 
268 278 280 424 432 433 
285 321 390 
286 289 295 357 362 363 373 402 
292 298 334 344 351 
296 319 374 
303 469 505 595 
304 306 
307 420 
318 323 465 
325 329 339 345 354 356 436 467 531 559 581 
330 335 342 361 410 552 
331 387 
333 379 
338 343 558 563 565 585 
341 367 403 425 583 
353 366 371 378 389 416 
359 404 
369 568 
370 393 483 547 611 
372 388 
375 376 377 414 481 
380 479 578 590 647 
391 392 406 409 494 598 
396 426 430 441 502 506 537 541 549 634 640 
400 413 
405 571 612 
407 408 415 422 435 439 474 588 649 685 
417 419 428 460 472 480 511 524 
423 447 450 
427 487 499 534 629 670 
442 445 446 452 520 557 577 
449 459 
456 509 584 586 
461 489 
471 475 477 482 530 542 593 
485 548 567 
498 500 501 503 663 686 759 
510 615 
512 514 517 526 
513 515 544 560 601 606 623 628 
519 540 551 635 660 746 
523 525 527 553 589 607 645 669 684 
532 564 619 
533 538 
545 561 
554 639 643 
555 573 644 
556 664 
562 596 
566 594 
576 687 
580 760 
591 720 740 
592 627 
599 610 613 621 
600 654 
602 631 672 712 724 729 767 773 
603 609 630 
605 614 616 641 
608 617 622 655 
618 693 
636 642 704 752 
638 679 
646 653 657 659 661 826 
650 722 787 814 
652 762 771 
656 843 852 
658 677 
665 694 698 700 721 
667 680 681 
673 683 706 714 737 750 785 823 850 
674 678 732 774 784 790 820 
682 689 690 
688 708 710 
695 748 776 788 
696 703 789 815 861 
702 707 726 744 841 847 855 866 881 909 
705 780 
709 797 806 
711 713 733 755 769 
718 749 
719 723 731 
725 734 735 
728 743 793 801 803 
736 761 
741 757 758 
742 786 
745 800 
751 764 
753 827 
770 804 819 954 
772 845 
775 865 
782 808 812 813 816 817 
791 836 
792 822 
794 795 802 818 
807 899 
809 838 
810 831 
811 857 874 957 972 
821 920 
824 891 
828 912 
832 978 
834 870 896 
840 913 922 
842 883 
853 859 869 888 919 935 
854 931 
856 963 969 
860 949 955 
862 885 925 
863 884 
864 872 
875 905 908 
876 900 
877 1004 
878 879 
880 982 
895 928 
903 924 
910 966 
911 985 
917 952 998 1020 1022 
918 932 
927 973 
930 956 984 
933 940 
936 946 947 953 964 979 1000 1012 
938 944 960 
939 958 994 1033 
948 1027 
950 1003 
959 962 968 
965 1029 1030 
967 1019 1059 1064 1098 
997 1014 
999 1058 1076 
1005 1013 1023 
1021 1055 
1032 1046 
1035 1047 
1039 1041 1042 
1043 1051 1092 
1045 1053 
1057 1104 
1060 1089 
1068 1101 1110 
1070 1081 1086 
1072 1095 
1073 1108 
1077 1105 1125 1176 
1078 1124 1137 
1083 1094 
1088 1131 
1099 1146 
1112 1116 
1118 1144 
1120 1154 
1129 1149 1171 
1130 1142 
1143 1164 
1151 1189 
1156 1172 
1162 1199 
1165 1180 
1166 1170 
1169 1184 1185 
1173 1175 1177 
1190 1193 
1200 1202 1206 1211 
1219 1222 
1221 1223 
1230 1239 
1233 1236 1237 
1241 1246 
1242 1247 
1250 1254 
1255 1256 1257 
1261 1264 1265 
1262 1276 1277 
1266 1267 
1285 1286 
1288 1289 
1293 1294 
1301 1302 
