58 96 2
46 178 1
258 369 1
325 407 2
26 61 1
325 427 1
190 198 1
19 417 3
292 372 1
7 157 2
241 268 1
7 45 2
304 372 2
129 230 1
68 471 2
45 157 1
90 471 1
40 46 2
116 599 3
2 513 1
20 96 1
135 391 1
67 71 1
648 688 1
19 646 4
65 103 1
81 67 1
219 782 2
252 179 2
164 190 1
129 135 1
46 215 1
45 728 2
141 636 5
646 833 1
125 751 1
68 688 2
31 58 1
417 674 1
28 135 1
161 231 1
219 799 1
70 523 1
71 673 2
140 142 1
705 837 1
209 264 1
81 130 1
70 665 1
673 730 1
665 867 1
268 799 1
566 728 1
26 165 2
150 183 1
157 728 1
31 96 1
264 203 5
19 892 1
165 665 1
45 341 1
230 391 1
244 702 1
157 341 1
65 209 1
304 292 1
19 286 1
353 203 3
97 652 1
2 27 1
600 936 2
668 834 1
219 442 4
3 454 2
116 821 1
68 90 2
238 203 2
219 894 1
3 807 2
231 203 1
325 976 1
203 834 2
7 341 1
810 970 1
353 702 1
97 179 2
799 839 1
853 939 5
716 702 1
61 165 1
3 45 2
3 341 1
300 599 1
125 141 1
423 745 1
688 798 1
938 967 1
231 868 1
219 566 1
70 605 4
442 936 1
71 81 1
405 562 1
286 417 1
498 926 1
303 646 1
751 911 1
821 851 1
58 550 1
19 405 1
331 417 1
291 938 1
667 702 1
264 877 1
20 448 1
20 532 2
39 71 2
70 190 1
28 711 1
97 466 1
116 303 2
296 633 1
688 1006 1
791 862 1
39 67 1
141 325 2
203 652 1
244 353 1
417 853 1
667 753 2
244 770 1
3 539 1
26 575 1
264 1039 3
407 513 1
766 941 1
142 333 2
917 967 1
203 626 1
574 442 1
141 427 1
31 359 1
141 498 2
116 711 2
65 794 1
794 862 1
862 1071 1
696 989 1
198 70 1
341 330 1
27 512 1
355 368 1
456 794 2
81 355 1
602 810 1
7 142 1
19 513 4
396 719 1
219 854 1
602 824 1
96 673 1
165 264 1
58 510 2
129 937 1
96 359 1
150 178 1
96 591 2
2 19 2
599 532 1
209 965 3
58 673 1
3 148 1
71 203 3
391 1010 1
31 673 1
673 988 1
353 854 1
303 907 1
442 1035 1
782 791 1
463 983 1
68 959 2
19 1103 1
166 341 1
696 986 1
96 695 1
26 307 2
31 878 1
338 782 2
19 27 5
116 141 2
391 705 1
68 763 1
67 203 2
90 918 1
303 407 2
2 1093 1
286 959 1
97 485 1
286 930 3
911 938 1
695 967 1
341 1070 1
338 519 1
68 396 1
244 650 2
3 892 1
691 711 1
90 396 2
370 442 1
618 1112 1
264 434 1
423 512 1
519 779 1
330 863 2
166 1074 1
219 936 1
238 81 1
142 1072 1
268 523 2
19 939 1
26 702 3
485 96 1
325 709 2
294 523 1
7 2 2
117 513 1
165 209 1
27 300 1
463 725 2
2 117 2
268 519 1
252 650 2
7 396 2
116 682 2
331 1011 1
461 967 1
135 977 1
27 513 1
20 576 1
125 597 1
736 728 1
31 1150 1
7 618 1
27 45 2
26 20 1
45 175 1
3 396 2
230 1067 1
230 766 1
179 523 2
3 1001 1
45 380 1
209 1107 1
46 183 1
96 770 1
365 576 1
252 608 2
353 556 1
702 1084 1
292 498 1
203 846 1
81 523 1
140 975 1
97 1083 1
96 1160 1
405 423 3
26 353 1
375 1005 2
807 1134 1
81 89 1
300 1040 1
805 910 1
918 1038 1
375 405 1
296 768 1
179 556 1
380 442 1
46 150 1
375 512 1
375 1166 1
230 725 1
264 519 2
116 391 1
90 1130 1
230 858 1
142 1173 1
96 296 2
209 219 1
485 910 1
117 1143 1
20 579 1
142 675 1
292 1158 1
258 1088 1
391 696 2
26 1155 1
3 1048 1
230 1122 1
286 1057 1
90 1165 1
65 965 1
554 772 1
423 997 1
140 375 1
150 602 1
68 1165 1
258 948 1
370 1120 2
244 923 1
219 496 1
330 741 2
20 637 1
318 1085 1
536 741 1
71 1117 1
1056 967 1
318 1073 1
513 1156 1
142 992 1
417 1088 1
40 602 2
71 676 1
427 917 1
936 1188 1
591 1157 1
417 948 1
529 636 1
46 602 1
427 880 1
1097 1156 1
603 887 1
142 423 1
45 1073 1
300 391 1
81 990 1
116 603 1
608 1113 1
927 1087 1
608 856 1
81 1017 1
646 1212 1
1143 1178 1
2 1156 1
498 1182 1
512 1005 1
702 1197 1
179 1034 1
81 638 2
157 646 1
68 895 1
90 895 1
897 1072 1
391 1152 1
471 1207 1
7 927 1
178 715 1
1057 1159 1
150 772 1
300 830 1
70 285 2
129 981 1
26 1182 1
40 840 3
652 1036 1
2 1141 1
599 916 1
40 1169 2
31 449 1
70 1240 1
190 856 2
46 840 2
727 695 2
1130 1191 1
46 1070 1
471 1235 1
40 1070 1
40 860 3
46 738 1
96 999 2
46 860 1
215 832 2
20 449 1
303 991 1
183 592 3
602 1060 2
166 828 3
27 1168 1
178 1217 1
3 1156 1
96 545 2
215 1203 1
166 902 1
40 792 2
1112 1209 1
330 1251 1
853 1133 1
27 1091 1
1141 1245 1
300 1099 1
130 945 1
203 1123 1
70 1196 1
674 889 1
27 929 1
369 1140 1
67 462 1
427 1114 1
300 783 1
264 1109 1
890 917 1
330 1115 1
375 1221 1
407 1128 1
423 1221 1
20 1118 2
19 116 2
770 1021 1
135 1263 1
333 512 1
31 421 1
1021 1213 1
203 1200 1
427 1292 1
39 1218 1
67 1291 1
141 372 1
203 1210 1
1221 1283 1
380 1192 1
142 1278 1
39 1284 1
198 504 1
179 1262 1
166 1243 1
353 1200 1
1262 1296 1
673 1273 1
1262 1298 1
40 H2O+C29H19N3O3 3
157 H2O+C29H19N3O3 2
164 H2O+C29H19N3O3 2
238 H2O+C29H19N3O3 2
396 CO+C28H21N3O3 3
71 CO+C28H21N3O3 2
719 CO2+C28H21N3O2 1
303 H2O+C29H19N3O3 5
26 CO2+C28H21N3O2 3
442 H2O+C29H19N3O3 1
71 H2O+C29H19N3O3 1
179 CO+C28H21N3O3 1
3 H2O+C29H19N3O3 1
396 CO2+C28H21N3O2 2
782 H2O+C29H19N3O3 1
252 CH2O2+C28H19N3O2 2
258 H2+C29H19N3O4 1
198 H2O+C29H19N3O3 2
68 CH2O2+C28H19N3O2 5
45 H2O+C29H19N3O3 1
719 CO+C28H21N3O3 1
219 H2O+C29H19N3O3 2
300 H2O+C29H19N3O3 1
454 H2O+C29H19N3O3 1
70 H2O+C29H19N3O3 1
209 H2O+C29H19N3O3 1
318 H2O+C29H19N3O3 1
646 H2O+C29H19N3O3 1
116 H2O+C29H19N3O3 3
646 H2+C29H19N3O4 1
183 H2O+C29H19N3O3 1
140 H2O+C29H19N3O3 1
81 H2O+C29H19N3O3 1
116 C9H4O3+C20H17N3O 1
673 CO+C28H21N3O3 1
461 H2O+C29H19N3O3 1
19 H2O+C29H19N3O3 1
241 CO+C28H21N3O3 1
338 CO+C28H21N3O3 1
674 CH2O2+C28H19N3O2 4
807 CO+C28H21N3O3 1
325 CO+C28H21N3O3 4
125 CO+C28H21N3O3 1
252 CO+H2+C28H19N3O3 1
2 CO+C28H21N3O3 1
26 CO+C28H21N3O3 1
268 CO+C28H21N3O3 1
244 C8H4O2+C21H17N3O2 1
264 CH2O2+C28H19N3O2 1
7 CO+C28H21N3O3 1
3 CO+C28H21N3O3 2
878 C8H6O3+C21H15N3O 1
652 CO+C28H21N3O3 1
562 CH2O2+C28H19N3O2 1
608 CO+H2O+C28H19N3O2 1
179 CH2O2+C28H19N3O2 1
244 CO+C28H21N3O3 2
396 CO+H2O+C28H19N3O2 1
471 CO+C28H21N3O3 1
264 H2O+C29H19N3O3 2
702 CO+C28H21N3O3 1
45 CH2O2+C28H19N3O2 1
7 CH2O2+C28H19N3O2 2
65 H2O+C29H19N3O3 1
203 H2O+C29H19N3O3 1
353 H2O+C29H19N3O3 2
519 CH2O2+C28H19N3O2 1
512 H2O+C29H19N3O3 1
286 CO+C28H21N3O3 2
877 CO+H2O+C28H19N3O2 1
268 H2+C29H19N3O4 1
407 C8H6O3+C21H15N3O 4
70 CH2O2+C28H19N3O2 2
456 CO2+C28H21N3O2 2
3 CH2O2+C28H19N3O2 1
396 CH2O2+C28H19N3O2 1
696 C8H6O3+C21H15N3O 1
442 C9H4O3+C20H17N3O 1
140 CO2+C28H21N3O2 1
103 CO+C28H21N3O3 2
231 H2+C29H19N3O4 2
97 C8H4O2+C21H17N3O2 2
58 CO+C28H21N3O3 1
264 CO2+C28H21N3O2 1
391 CH2O+C28H19N3O3 1
997 CO+C28H21N3O3 1
372 CO+C28H21N3O3 1
391 H2O+C29H19N3O3 1
417 CH2O+C28H19N3O3 1
19 H2+C29H19N3O4 2
1083 CO+C28H21N3O3 1
471 CH2O+C28H19N3O3 1
175 CO+C28H21N3O3 1
219 CH2O2+C28H19N3O2 3
116 C8H4O2+C21H17N3O2 1
20 C8H4O2+C21H17N3O2 2
96 C8H4O2+C21H17N3O2 3
140 CH2O2+C28H19N3O2 2
129 C8H6O3+C21H15N3O 1
917 C8H4O2+C21H17N3O2 1
150 CO+C28H21N3O3 1
650 CH2O+C28H19N3O3 1
203 CO+C28H21N3O3 1
27 H2O+C29H19N3O3 3
370 CO+C28H21N3O3 2
40 CO+C28H21N3O3 4
26 H2+C29H19N3O4 2
28 H2+C29H19N3O4 1
58 C8H4O2+C21H17N3O2 1
31 C8H4O2+C21H17N3O2 1
268 CO2+C28H21N3O2 1
68 CO2+C28H21N3O2 2
391 H2+C29H19N3O4 1
264 H2+C29H19N3O4 1
166 CO+C28H21N3O3 2
198 CH2O2+C28H19N3O2 1
116 H2+C29H19N3O4 1
215 CO+C28H21N3O3 1
142 CH2O2+C28H19N3O2 1
252 CH2O+C28H19N3O3 1
770 H2O+C29H19N3O3 1
26 C9H6O3+C20H15N3O 3
1200 H2O+C29H19N3O3 1
665 C9H6O3+C20H15N3O 2
965 C9H6O3+C20H15N3O 1
81 CO2+C28H21N3O2 1
359 C8H4O2+C21H17N3O2 1
300 H2O2+C29H19N3O2 1
824 C9H6O3+C20H15N3O 1
770 C9H6O3+C20H15N3O 2
2 C9H6O3+C20H15N3O 1
141 C9H6O3+C20H15N3O 1
117 C9H6O3+C20H15N3O 1
728 C9H6O3+C20H15N3O 1
