TS  #    DE(kcal/mol)
    1        0.308
    2        2.600
    3        3.327
    4        3.547
    5        5.137
    6        7.640
    7        9.731
    8       10.057
    9       10.856
   10       12.563
   11       12.702
   12       13.319
   13       13.476
   14       13.721
   15       14.264
   16       14.297
   17       14.931
   18       14.949
   19       14.983
   20       15.186
   21       16.271
   22       16.506
   23       16.593
   24       16.618
   25       16.672
   26       17.072
   27       17.337
   28       17.377
   29       17.655
   30       19.037
   31       19.245
   32       20.059
   33       20.821
   34       20.918
   35       21.532
   36       21.819
   37       21.865
   38       22.133
   39       23.029
   40       23.203
   41       23.541
   42       23.588
   43       23.691
   44       24.256
   45       24.894
   46       25.339
   47       25.876
   48       26.205
   49       26.307
   50       26.614
   51       26.643
   52       26.894
   53       26.904
   54       27.497
   55       27.524
   56       27.607
   57       27.706
   58       27.917
   59       27.944
   60       28.143
   61       28.182
   62       28.189
   63       28.317
   64       28.447
   65       28.491
   66       28.621
   67       28.623
   68       29.065
   69       29.080
   70       29.294
   71       29.326
   72       29.593
   73       29.768
   74       29.817
   75       29.821
   76       29.962
   77       30.068
   78       30.363
   79       30.496
   80       30.543
   81       30.685
   82       30.781
   83       31.216
   84       31.460
   85       31.570
   86       32.001
   87       32.213
   88       32.563
   89       32.580
   90       32.900
   91       32.961
   92       32.966
   93       33.038
   94       33.083
   95       33.195
   96       33.227
   97       33.392
   98       33.402
   99       33.527
  100       33.693
  101       33.781
  102       33.810
  103       33.829
  104       34.044
  105       34.132
  106       34.200
  107       34.380
  108       34.388
  109       34.838
  110       34.838
  111       34.994
  112       35.224
  113       35.400
  114       35.514
  115       35.723
  116       35.867
  117       35.982
  118       36.035
  119       36.062
  120       36.121
  121       36.169
  122       36.180
  123       36.299
  124       36.345
  125       36.399
  126       36.662
  127       36.714
  128       36.951
  129       37.103
  130       37.144
  131       37.181
  132       37.187
  133       37.260
  134       37.262
  135       37.543
  136       37.680
  137       37.724
  138       37.963
  139       38.494
  140       38.532
  141       38.595
  142       38.753
  143       38.780
  144       38.860
  145       38.883
  146       38.968
  147       38.978
  148       39.053
  149       39.055
  150       39.064
  151       39.246
  152       39.247
  153       39.280
  154       39.321
  155       39.324
  156       39.342
  157       39.530
  158       39.532
  159       39.549
  160       39.595
  161       39.708
  162       39.752
  163       39.805
  164       39.828
  165       39.881
  166       39.979
  167       40.093
  168       40.111
  169       40.206
  170       40.266
  171       40.810
  172       40.866
  173       40.949
  174       40.997
  175       41.088
  176       41.176
  177       41.205
  178       41.213
  179       41.411
  180       41.430
  181       41.469
  182       41.481
  183       41.495
  184       41.572
  185       41.586
  186       41.595
  187       41.597
  188       41.597
  189       41.612
  190       41.697
  191       41.955
  192       41.999
  193       42.011
  194       42.016
  195       42.089
  196       42.121
  197       42.147
  198       42.184
  199       42.212
  200       42.268
  201       42.351
  202       42.503
  203       42.510
  204       42.523
  205       42.549
  206       42.563
  207       42.575
  208       42.586
  209       42.651
  210       42.659
  211       42.822
  212       42.862
  213       43.065
  214       43.074
  215       43.310
  216       43.388
  217       43.420
  218       43.436
  219       43.479
  220       43.504
  221       43.511
  222       43.616
  223       43.635
  224       43.690
  225       43.727
  226       43.817
  227       43.823
  228       44.081
  229       44.082
  230       44.154
  231       44.384
  232       44.521
  233       44.619
  234       44.624
  235       44.748
  236       44.818
  237       44.884
  238       44.913
  239       45.002
  240       45.084
  241       45.160
  242       45.230
  243       45.307
  244       45.372
  245       45.388
  246       45.446
  247       45.510
  248       45.578
  249       45.591
  250       45.595
  251       45.708
  252       45.727
  253       45.815
  254       45.966
  255       46.030
  256       46.079
  257       46.115
  258       46.120
  259       46.178
  260       46.330
  261       46.497
  262       46.527
  263       46.545
  264       46.555
  265       46.786
  266       46.804
  267       46.869
  268       46.955
  269       47.109
  270       47.130
  271       47.194
  272       47.253
  273       47.318
  274       47.424
  275       47.538
  276       47.543
  277       48.092
  278       48.119
  279       48.135
  280       48.156
  281       48.209
  282       48.243
  283       48.245
  284       48.299
  285       48.306
  286       48.322
  287       48.345
  288       48.414
  289       48.448
  290       48.494
  291       48.496
  292       48.533
  293       48.654
  294       48.716
  295       48.872
  296       48.944
  297       48.965
  298       49.009
  299       49.012
  300       49.064
  301       49.110
  302       49.142
  303       49.149
  304       49.284
  305       49.298
  306       49.342
  307       49.573
  308       49.583
  309       49.758
  310       49.782
  311       49.817
  312       49.833
  313       50.085
  314       50.136
  315       50.153
  316       50.169
  317       50.212
  318       50.243
  319       50.255
  320       50.302
  321       50.345
  322       50.440
  323       50.467
  324       50.609
  325       50.611
  326       50.654
  327       50.679
  328       50.798
  329       50.858
  330       50.930
  331       51.003
  332       51.025
  333       51.060
  334       51.074
  335       51.079
  336       51.122
  337       51.141
  338       51.143
  339       51.201
  340       51.274
  341       51.311
  342       51.406
  343       51.413
  344       51.433
  345       51.556
  346       51.604
  347       51.654
  348       51.714
  349       51.840
  350       51.847
  351       51.859
  352       51.903
  353       51.921
  354       51.949
  355       51.991
  356       52.038
  357       52.200
  358       52.202
  359       52.234
  360       52.247
  361       52.250
  362       52.262
  363       52.309
  364       52.411
  365       52.462
  366       52.481
  367       52.500
  368       52.580
  369       52.633
  370       52.690
  371       52.719
  372       52.891
  373       52.903
  374       52.953
  375       52.983
  376       53.004
  377       53.029
  378       53.046
  379       53.156
  380       53.252
  381       53.383
  382       53.552
  383       53.562
  384       53.576
  385       53.632
  386       53.673
  387       53.678
  388       53.719
  389       53.733
  390       53.775
  391       53.910
  392       53.974
  393       53.978
  394       54.030
  395       54.148
  396       54.171
  397       54.183
  398       54.249
  399       54.277
  400       54.421
  401       54.424
  402       54.479
  403       54.489
  404       54.576
  405       54.850
  406       54.893
  407       54.929
  408       54.940
  409       54.945
  410       55.049
  411       55.059
  412       55.098
  413       55.186
  414       55.261
  415       55.263
  416       55.279
  417       55.361
  418       55.464
  419       55.684
  420       55.733
  421       55.759
  422       55.840
  423       55.869
  424       55.891
  425       55.951
  426       56.019
  427       56.031
  428       56.112
  429       56.120
  430       56.139
  431       56.269
  432       56.295
  433       56.313
  434       56.340
  435       56.371
  436       56.431
  437       56.628
  438       56.774
  439       56.805
  440       56.910
  441       56.918
  442       57.056
  443       57.102
  444       57.214
  445       57.285
  446       57.460
  447       57.555
  448       57.576
  449       57.581
  450       57.607
  451       57.615
  452       57.679
  453       57.689
  454       57.703
  455       57.774
  456       57.836
  457       57.896
  458       57.899
  459       57.899
  460       57.902
  461       57.921
  462       57.954
  463       57.968
  464       57.982
  465       57.998
  466       58.032
  467       58.139
  468       58.157
  469       58.419
  470       58.464
  471       58.488
  472       58.512
  473       58.617
  474       58.746
  475       58.793
  476       58.823
  477       58.865
  478       58.882
  479       58.944
  480       58.985
  481       59.013
  482       59.176
  483       59.214
  484       59.398
  485       59.457
  486       59.618
  487       59.706
  488       59.719
  489       59.742
  490       59.746
  491       59.797
  492       59.807
  493       59.824
  494       59.868
  495       59.932
  496       59.987
  497       60.054
  498       60.130
  499       60.131
  500       60.184
  501       60.277
  502       60.360
  503       60.370
  504       60.424
  505       60.455
  506       60.499
  507       60.548
  508       60.637
  509       60.665
  510       60.752
  511       60.754
  512       60.774
  513       60.788
  514       60.807
  515       60.956
  516       60.992
  517       61.128
  518       61.154
  519       61.270
  520       61.350
  521       61.369
  522       61.371
  523       61.402
  524       61.423
  525       61.547
  526       61.566
  527       61.572
  528       61.700
  529       61.775
  530       61.783
  531       61.829
  532       61.865
  533       61.879
  534       61.899
  535       61.901
  536       61.948
  537       62.048
  538       62.086
  539       62.202
  540       62.207
  541       62.224
  542       62.315
  543       62.419
  544       62.422
  545       62.565
  546       62.591
  547       62.645
  548       62.651
  549       62.660
  550       62.727
  551       62.746
  552       62.750
  553       62.787
  554       62.796
  555       62.836
  556       62.843
  557       62.874
  558       62.907
  559       62.914
  560       63.056
  561       63.249
  562       63.287
  563       63.323
  564       63.361
  565       63.374
  566       63.379
  567       63.430
  568       63.547
  569       63.555
  570       63.558
  571       63.607
  572       63.621
  573       63.650
  574       63.711
  575       63.737
  576       63.745
  577       63.786
  578       63.885
  579       63.982
  580       64.024
  581       64.032
  582       64.037
  583       64.045
  584       64.066
  585       64.075
  586       64.087
  587       64.111
  588       64.540
  589       64.566
  590       64.582
  591       64.620
  592       64.688
  593       64.758
  594       64.789
  595       64.791
  596       64.866
  597       64.915
  598       64.933
  599       64.962
  600       64.970
  601       65.014
  602       65.162
  603       65.175
  604       65.228
  605       65.237
  606       65.245
  607       65.258
  608       65.300
  609       65.468
  610       65.509
  611       65.539
  612       65.617
  613       65.651
  614       65.659
  615       65.758
  616       65.882
  617       65.958
  618       65.969
  619       66.062
  620       66.121
  621       66.130
  622       66.167
  623       66.171
  624       66.180
  625       66.192
  626       66.225
  627       66.326
  628       66.340
  629       66.444
  630       66.486
  631       66.518
  632       66.696
  633       66.696
  634       66.697
  635       66.884
  636       67.016
  637       67.039
  638       67.069
  639       67.088
  640       67.120
  641       67.133
  642       67.144
  643       67.188
  644       67.257
  645       67.309
  646       67.326
  647       67.334
  648       67.339
  649       67.369
  650       67.522
  651       67.537
  652       67.754
  653       67.798
  654       67.853
  655       67.931
  656       68.105
  657       68.124
  658       68.133
  659       68.176
  660       68.181
  661       68.243
  662       68.285
  663       68.323
  664       68.394
  665       68.441
  666       68.490
  667       68.512
  668       68.581
  669       68.582
  670       68.651
  671       68.688
  672       68.753
  673       68.905
  674       68.908
  675       68.965
  676       68.979
  677       69.066
  678       69.093
  679       69.139
  680       69.140
  681       69.201
  682       69.219
  683       69.302
  684       69.358
  685       69.498
  686       69.621
  687       69.657
  688       69.681
  689       69.895
  690       69.895
  691       69.911
  692       69.938
  693       69.960
  694       70.165
  695       70.206
  696       70.248
  697       70.349
  698       70.360
  699       70.361
  700       70.424
  701       70.447
  702       70.470
  703       70.488
  704       70.499
  705       70.538
  706       70.568
  707       70.687
  708       70.702
  709       70.733
  710       70.900
  711       70.989
  712       71.116
  713       71.207
  714       71.222
  715       71.280
  716       71.311
  717       71.327
  718       71.448
  719       71.510
  720       71.547
  721       71.585
  722       71.619
  723       71.795
  724       72.123
  725       72.216
  726       72.250
  727       72.275
  728       72.386
  729       72.487
  730       72.582
  731       72.584
  732       72.710
  733       72.785
  734       72.833
  735       72.836
  736       72.850
  737       72.870
  738       73.062
  739       73.065
  740       73.092
  741       73.101
  742       73.232
  743       73.441
  744       73.480
  745       73.484
  746       73.584
  747       73.666
  748       73.765
  749       73.894
  750       73.903
  751       73.978
  752       73.993
  753       74.014
  754       74.163
  755       74.264
  756       74.398
  757       74.452
  758       74.524
  759       74.845
  760       74.892
  761       74.933
  762       74.957
  763       74.958
  764       75.110
  765       75.125
  766       75.212
  767       75.257
  768       75.446
  769       75.713
  770       75.825
  771       75.849
  772       76.044
  773       76.049
  774       76.142
  775       76.297
  776       76.329
  777       76.358
  778       76.454
  779       76.492
  780       76.551
  781       76.645
  782       76.755
  783       76.793
  784       76.854
  785       76.870
  786       77.121
  787       77.148
  788       77.156
  789       77.230
  790       77.340
  791       77.563
  792       77.660
  793       77.676
  794       77.744
  795       77.801
  796       77.801
  797       77.999
  798       78.057
  799       78.152
  800       78.164
  801       78.178
  802       78.286
  803       78.462
  804       78.522
  805       78.597
  806       78.681
  807       78.690
  808       78.758
  809       78.776
  810       78.816
  811       78.879
  812       79.144
  813       79.268
  814       79.314
  815       79.323
  816       79.339
  817       79.404
  818       79.497
  819       79.674
  820       80.031
  821       80.116
  822       80.121
  823       80.274
  824       80.379
  825       80.391
  826       80.421
  827       80.422
  828       80.433
  829       80.606
  830       80.740
  831       80.785
  832       80.797
  833       80.801
  834       80.897
  835       80.963
  836       81.207
  837       81.223
  838       81.247
  839       81.353
  840       81.397
  841       81.451
  842       81.522
  843       81.543
  844       81.620
  845       81.665
  846       81.723
  847       81.735
  848       81.739
  849       81.821
  850       81.983
  851       82.146
  852       82.268
  853       82.330
  854       82.663
  855       82.736
  856       82.839
  857       82.929
  858       83.198
  859       83.287
  860       83.314
  861       83.388
  862       83.416
  863       84.322
  864       84.514
  865       84.697
  866       84.863
  867       85.003
  868       85.185
  869       85.231
  870       85.291
  871       85.382
  872       85.423
  873       85.546
  874       85.548
  875       85.659
  876       85.857
  877       85.876
  878       85.992
  879       86.257
  880       86.312
  881       86.504
  882       86.605
  883       87.073
  884       87.108
  885       87.296
  886       87.368
  887       87.495
  888       88.030
  889       88.105
  890       88.259
  891       88.354
  892       88.576
  893       88.693
  894       88.738
  895       88.744
  896       89.053
  897       89.156
  898       89.175
  899       89.753
  900       89.849
  901       90.001
  902       90.088
  903       90.181
  904       90.232
  905       90.590
  906       90.634
  907       90.827
  908       91.037
  909       91.057
  910       91.060
  911       91.106
  912       91.150
  913       91.222
  914       91.466
  915       91.603
  916       91.631
  917       91.635
  918       91.697
  919       91.764
  920       91.800
  921       92.093
  922       92.266
  923       92.332
  924       92.342
  925       92.391
  926       92.502
  927       92.579
  928       92.689
  929       92.967
  930       93.009
  931       93.038
  932       93.272
  933       93.428
  934       93.625
  935       93.678
  936       93.705
  937       94.003
  938       94.614
  939       94.884
  940       94.984
  941       95.005
  942       95.012
  943       95.299
  944       95.400
  945       95.767
  946       95.849
  947       95.953
  948       96.091
  949       96.344
  950       96.570
  951       96.721
  952       96.837
  953       97.300
  954       97.519
  955       97.631
  956       97.681
  957       97.708
  958       97.944
  959       98.252
  960       98.387
  961       98.985
  962       98.986
  963       98.989
  964       99.015
  965       99.241
  966       99.246
  967       99.271
  968       99.848
  969       99.944
  970       99.944
  971      100.026
  972      100.211
  973      100.220
  974      100.577
  975      100.885
  976      101.183
  977      101.542
  978      101.831
  979      102.481
  980      102.714
  981      102.729
  982      103.069
  983      103.127
  984      103.164
  985      103.414
  986      103.460
  987      103.483
  988      103.725
  989      104.150
  990      104.290
  991      104.333
  992      104.578
  993      104.805
  994      104.964
  995      105.356
  996      105.499
  997      105.659
  998      105.767
  999      105.858
 1000      106.383
 1001      106.796
 1002      107.076
 1003      107.254
 1004      107.262
 1005      107.412
 1006      107.495
 1007      107.629
 1008      108.242
 1009      108.430
 1010      108.767
 1011      108.820
 1012      109.413
 1013      109.446
 1014      110.638
 1015      110.749
 1016      110.842
 1017      110.894
 1018      111.007
 1019      111.306
 1020      111.882
 1021      112.072
 1022      112.180
 1023      112.455
 1024      112.480
 1025      112.604
 1026      114.220
 1027      114.249
 1028      114.310
 1029      114.583
 1030      114.755
 1031      115.972
 1032      118.786
 1033      118.787
 1034      118.859
 1035      119.044
 1036      119.428
 1037      119.574
 1038      119.985
 1039      120.246
 1040      120.484
 1041      120.586
 1042      120.939
 1043      121.085
 1044      121.098
 1045      121.704
 1046      123.095
 1047      124.086
 1048      124.221
 1049      124.477
 1050      124.498
 1051      124.884
 1052      125.609
 1053      126.653
 1054      126.698
 1055      126.792
 1056      127.411
 1057      128.704
 1058      129.471
 1059      131.017
 1060      131.529
 1061      132.231
 1062      133.174
 1063      133.956
 1064      134.430
 1065      134.447
 1066      135.263
 1067      135.772
 1068      136.568
 1069      137.145
 1070      137.591
 1071      137.896
 1072      137.989
 1073      138.446
 1074      138.505
 1075      139.486
 1076      139.539
 1077      139.702
 1078      141.670
 1079      144.092
 1080      144.544
 1081      145.076
 1082      145.769
 1083      145.910
 1084      146.430
 1085      146.939
 1086      150.556
 1087      151.376
 1088      152.245
 1089      153.117
 1090      156.426
 1091      163.603
 1092      174.330
 1093      175.270
Conformational isomers are listed in the same line:
2 4 
940 946 
9 18 20 
10 14 
13 15 
21 28 
34 37 
36 38 
45 49 
138 250 
33 35 
47 70 87 
202 207 
51 59 
54 67 
55 65 69 
56 75 79 81 83 
184 188 199 
57 61 82 
74 86 97 131 
95 203 
98 101 
99 171 
289 300 316 
102 108 
106 112 
116 126 396 
133 143 
139 146 149 
147 204 253 263 307 
152 224 
587 611 
376 402 488 
463 521 
170 295 
355 472 
174 221 
175 181 196 223 
179 192 
186 286 
193 218 
206 211 219 275 
543 712 
231 237 
260 305 
261 281 
262 276 
268 555 
269 270 
271 294 
280 336 372 403 
479 483 
284 296 317 
301 436 
308 319 344 
309 318 422 
508 512 
314 369 
321 485 
331 386 
345 425 
516 745 
511 540 
776 855 
362 432 
371 509 
573 726 
673 735 
401 409 518 
542 551 
581 709 
633 655 689 
406 408 
467 499 
433 440 
452 527 538 
576 593 
468 529 
473 580 
484 582 
643 707 793 
514 624 
515 570 
517 620 
536 546 
537 649 670 
541 549 
544 548 
561 728 
595 604 
621 656 
605 627 
609 632 
642 663 703 
668 678 755 
687 752 
698 715 
704 786 
714 751 797 
716 741 
723 754 
743 823 
746 761 
750 771 
774 791 
789 819 
799 805 
862 869 
874 878 
901 935 
892 899 
897 911 
912 918 919 
900 913 
915 949 
921 943 
925 934 953 
927 977 
928 944 
945 947 
950 957 
951 956 
964 974 
1008 1024 
1009 1015 
1068 1069 1075 
1072 1074 
